1.088839e+01	1.400941e+01	-1.282847e+01	1.183955e+01	1.271364e+01	-1.280461e+01	1.763632e+01	1.682736e+01	-1.540781e+01	-1.102300e+01	
9.648790e+00	9.729612e+00	-8.364059e+00	1.126279e+01	1.127095e+01	-9.182259e+00	1.179532e+01	1.372004e+01	-1.137257e+01	-1.251391e+01	
1.272520e+01	1.164404e+01	-1.154293e+01	1.128425e+01	1.136245e+01	-1.324082e+01	5.977986e+00	1.036065e+01	-8.597080e+00	-9.677199e+00	
5.103014e+00	5.663668e+00	-5.031602e+00	4.479581e+00	5.314410e+00	-5.509340e+00	1.001515e+01	1.048071e+01	-8.278170e+00	-1.025110e+01	
6.619268e+00	8.158748e+00	-7.395783e+00	6.997496e+00	6.400533e+00	-5.508761e+00	5.100913e+00	6.222534e+00	-5.637450e+00	-5.089367e+00	
9.729853e+00	9.410574e+00	-8.121698e+00	9.856553e+00	1.122023e+01	-1.066457e+01	7.274855e+00	5.621395e+00	-7.788513e+00	-7.808620e+00	
1.115220e+01	1.002447e+01	-9.535077e+00	1.132059e+01	8.928423e+00	-9.036264e+00	9.351683e+00	8.272880e+00	-8.300925e+00	-9.682439e+00	
1.289347e+01	9.641085e+00	-1.012064e+01	1.022548e+01	8.374953e+00	-1.074694e+01	1.099699e+01	1.363205e+01	-1.367970e+01	-1.269158e+01	
1.150978e+01	1.175918e+01	-9.307932e+00	1.082570e+01	8.881464e+00	-1.185941e+01	8.984307e+00	6.557558e+00	-6.668759e+00	-7.505663e+00	
4.573910e+00	8.689763e+00	-4.956536e+00	7.160727e+00	4.723575e+00	-6.250371e+00	9.154313e+00	1.052521e+01	-9.704655e+00	-8.725241e+00	
6.060972e+00	8.146004e+00	-7.356045e+00	7.671509e+00	6.304351e+00	-6.510537e+00	6.805569e+00	6.156324e+00	-6.432500e+00	-6.717385e+00	
6.419955e+00	6.242760e+00	-7.932719e+00	5.396526e+00	8.363391e+00	-6.879101e+00	6.213161e+00	6.198418e+00	-7.031353e+00	-5.214504e+00	
5.887256e+00	5.522999e+00	-6.405781e+00	5.264101e+00	4.991899e+00	-3.586028e+00	1.445802e+01	1.311006e+01	-1.405964e+01	-1.366799e+01	
1.088207e+01	1.176284e+01	-1.287843e+01	1.360329e+01	1.366362e+01	-1.334223e+01	5.337723e+00	4.677881e+00	-4.292013e+00	-6.515729e+00	
7.387895e+00	7.874202e+00	-7.952750e+00	8.095770e+00	7.495255e+00	-6.902977e+00	8.489625e+00	8.467240e+00	-8.987954e+00	-8.661800e+00	
1.364319e+01	1.296656e+01	-1.255109e+01	1.335950e+01	1.214651e+01	-1.222706e+01	1.325538e+01	1.308349e+01	-1.243307e+01	-1.268691e+01	
7.480452e+00	9.694567e+00	-8.888193e+00	7.528648e+00	7.300459e+00	-9.186676e+00	9.516994e+00	9.435163e+00	-8.179161e+00	-9.958258e+00	
1.381918e+01	1.254265e+01	-1.449344e+01	1.389287e+01	1.432488e+01	-1.430997e+01	1.524091e+01	1.518938e+01	-1.604816e+01	-1.574544e+01	
8.200252e+00	5.158606e+00	-8.644798e+00	9.430231e+00	7.121082e+00	-7.254055e+00	9.591989e+00	9.212662e+00	-9.059215e+00	-1.080672e+01	
1.467226e+01	1.389672e+01	-1.466170e+01	1.486323e+01	1.505727e+01	-1.500369e+01	1.023160e+01	1.249175e+01	-1.272641e+01	-8.238612e+00	
1.237180e+01	1.268377e+01	-1.253912e+01	1.129164e+01	1.343347e+01	-1.417469e+01	6.053313e+00	6.639479e+00	-5.660063e+00	-4.904489e+00	
7.397253e+00	7.019842e+00	-7.416805e+00	8.341680e+00	8.286712e+00	-7.430503e+00	1.258204e+01	1.233766e+01	-1.073721e+01	-1.105767e+01	
8.021327e+00	5.217394e+00	-6.853687e+00	4.880378e+00	7.849723e+00	-5.967508e+00	7.400482e+00	7.328483e+00	-9.885604e+00	-6.818148e+00	
4.765974e+00	6.125945e+00	-5.037477e+00	6.572187e+00	5.023296e+00	-5.265077e+00	1.031713e+01	1.104257e+01	-9.680341e+00	-9.318610e+00	
7.200260e+00	8.819329e+00	-1.059451e+01	8.941330e+00	9.972594e+00	-8.498188e+00	1.223819e+01	1.278207e+01	-1.311611e+01	-1.354500e+01	
1.110290e+01	9.147639e+00	-1.013437e+01	1.065064e+01	1.007588e+01	-1.153368e+01	6.491194e+00	7.898983e+00	-8.480506e+00	-5.742062e+00	
4.128632e+00	5.271715e+00	-5.362366e+00	6.274504e+00	5.253723e+00	-3.950470e+00	1.189764e+01	1.270609e+01	-1.171385e+01	-1.229339e+01	
9.859906e+00	1.352387e+01	-1.226981e+01	1.176864e+01	1.222845e+01	-1.155168e+01	5.876598e+00	6.313610e+00	-6.906214e+00	-5.302366e+00	
1.332137e+01	1.249826e+01	-1.383937e+01	1.346854e+01	1.208583e+01	-1.336305e+01	1.062535e+01	1.135340e+01	-1.111143e+01	-1.235230e+01	
1.220688e+01	1.359537e+01	-1.021151e+01	1.085514e+01	1.159953e+01	-1.220689e+01	9.530675e+00	8.593514e+00	-6.865463e+00	-8.528683e+00	
4.655116e+00	4.199392e+00	-6.133872e+00	5.015229e+00	3.526262e+00	-4.617525e+00	9.134795e+00	9.951754e+00	-8.982945e+00	-8.758306e+00	
5.797720e+00	6.816797e+00	-5.978024e+00	6.949612e+00	6.163486e+00	-4.513944e+00	8.322944e+00	7.539181e+00	-9.677396e+00	-8.040508e+00	
8.925887e+00	8.137936e+00	-9.727539e+00	9.053790e+00	9.280370e+00	-9.298312e+00	6.519568e+00	6.017551e+00	-4.094217e+00	-5.596209e+00	
7.146819e+00	8.007213e+00	-6.813140e+00	5.221049e+00	6.080027e+00	-8.848084e+00	1.216307e+01	1.323142e+01	-1.208804e+01	-1.094890e+01	
4.315258e+00	6.583420e+00	-5.099720e+00	6.703153e+00	4.642095e+00	-4.477720e+00	1.095891e+01	8.999746e+00	-1.200384e+01	-1.040919e+01	
6.776730e+00	5.534193e+00	-5.552262e+00	5.886502e+00	8.336075e+00	-7.607078e+00	8.610436e+00	6.890220e+00	-9.134877e+00	-9.004496e+00	
1.146056e+01	1.264912e+01	-1.103475e+01	1.195384e+01	1.240488e+01	-1.142084e+01	9.478969e+00	1.122550e+01	-1.112313e+01	-1.106985e+01	
1.009673e+01	1.054821e+01	-9.699336e+00	9.829055e+00	9.263075e+00	-9.271780e+00	1.002725e+01	8.970389e+00	-9.312418e+00	-8.986153e+00	
1.296235e+01	1.194953e+01	-1.278893e+01	1.456649e+01	1.361952e+01	-1.280093e+01	7.831494e+00	7.938580e+00	-7.534846e+00	-7.207838e+00	
1.308275e+01	1.379637e+01	-1.603039e+01	1.450344e+01	1.476858e+01	-1.515558e+01	7.728101e+00	7.576033e+00	-6.435537e+00	-5.408510e+00	
7.822215e+00	5.084645e+00	-6.853527e+00	6.955763e+00	9.147452e+00	-6.989498e+00	5.881419e+00	6.624552e+00	-6.142937e+00	-6.318697e+00	
5.157103e+00	5.467788e+00	-5.168757e+00	6.081069e+00	6.359651e+00	-5.600150e+00	1.056081e+01	1.189029e+01	-1.120599e+01	-9.848119e+00	
8.379946e+00	9.152985e+00	-9.861195e+00	9.014380e+00	1.040660e+01	-9.720751e+00	6.339455e+00	4.664156e+00	-4.223211e+00	-5.718027e+00	
1.211250e+01	1.455416e+01	-1.159978e+01	1.211877e+01	1.319971e+01	-1.291085e+01	9.479840e+00	1.018980e+01	-1.037847e+01	-7.745102e+00	
1.029962e+01	8.907115e+00	-1.233773e+01	9.810827e+00	1.085778e+01	-9.826827e+00	1.425642e+01	1.326572e+01	-1.369881e+01	-1.548148e+01	
6.348765e+00	5.207396e+00	-6.372450e+00	5.673115e+00	5.696226e+00	-5.498776e+00	1.189994e+01	1.218489e+01	-1.090255e+01	-1.160627e+01	
1.426600e+01	1.520237e+01	-1.376753e+01	1.374227e+01	1.549147e+01	-1.429985e+01	1.488626e+01	1.580898e+01	-1.473931e+01	-1.348418e+01	
1.142657e+01	9.477249e+00	-1.061540e+01	1.166831e+01	1.107291e+01	-9.980193e+00	9.506222e+00	8.391278e+00	-7.200428e+00	-6.825684e+00	
6.394517e+00	5.126245e+00	-4.587406e+00	4.163329e+00	5.234346e+00	-4.569537e+00	4.847081e+00	6.556188e+00	-6.390439e+00	-7.148130e+00	
5.748181e+00	5.934572e+00	-8.098136e+00	5.199676e+00	7.213332e+00	-8.519288e+00	6.341056e+00	7.017904e+00	-6.233064e+00	-6.137729e+00	
7.200148e+00	7.977568e+00	-6.669529e+00	4.612000e+00	6.405670e+00	-5.863057e+00	9.676622e+00	8.754661e+00	-7.879240e+00	-1.226310e+01	
6.738263e+00	6.558459e+00	-7.131146e+00	7.197415e+00	7.042805e+00	-5.773030e+00	6.238973e+00	7.713185e+00	-6.003897e+00	-4.155832e+00	
1.156720e+01	1.248437e+01	-1.361338e+01	1.229162e+01	1.341073e+01	-1.341237e+01	9.238661e+00	9.724446e+00	-1.029466e+01	-9.724440e+00	
1.474645e+01	1.320890e+01	-1.355654e+01	1.225071e+01	1.203680e+01	-1.311156e+01	1.034084e+01	1.109407e+01	-1.148299e+01	-8.681813e+00	
1.178879e+01	1.184225e+01	-1.223168e+01	1.275923e+01	1.262493e+01	-1.318943e+01	1.346222e+01	1.389705e+01	-1.641069e+01	-1.493535e+01	
7.536258e+00	7.196101e+00	-6.846313e+00	7.777870e+00	5.882711e+00	-6.341990e+00	7.437908e+00	7.438721e+00	-7.818714e+00	-6.762626e+00	
7.379045e+00	5.495285e+00	-6.514143e+00	5.132577e+00	6.044103e+00	-9.573267e+00	6.039056e+00	5.699579e+00	-8.140466e+00	-7.339283e+00	
1.470386e+01	1.338458e+01	-1.543128e+01	1.361592e+01	1.498420e+01	-1.410081e+01	8.725182e+00	7.620308e+00	-9.951471e+00	-6.860915e+00	
1.153549e+01	9.745063e+00	-1.080753e+01	1.122410e+01	8.952500e+00	-1.229447e+01	6.512226e+00	6.492280e+00	-5.996400e+00	-5.594858e+00	
1.362374e+01	1.298702e+01	-1.331931e+01	1.162046e+01	1.346074e+01	-1.316739e+01	7.926204e+00	7.086822e+00	-9.430284e+00	-7.708183e+00	
1.495806e+01	1.315588e+01	-1.484108e+01	1.263567e+01	1.440274e+01	-1.111568e+01	1.371717e+01	1.221654e+01	-1.215297e+01	-1.411793e+01	
1.172317e+01	1.281371e+01	-1.100605e+01	1.233684e+01	9.801377e+00	-1.074564e+01	1.042664e+01	8.829282e+00	-9.829019e+00	-8.491285e+00	
1.225578e+01	1.148650e+01	-1.244956e+01	1.126070e+01	1.270383e+01	-1.370329e+01	1.077211e+01	1.124979e+01	-1.163219e+01	-1.050219e+01	
6.250272e+00	6.108583e+00	-7.229778e+00	6.579901e+00	4.672326e+00	-6.916788e+00	1.227577e+01	1.190742e+01	-1.216662e+01	-1.355359e+01	
1.492203e+01	1.528374e+01	-1.472520e+01	1.518510e+01	1.338166e+01	-1.353380e+01	8.335287e+00	7.496014e+00	-7.940351e+00	-9.387577e+00	
5.887079e+00	9.586346e+00	-9.246752e+00	8.762725e+00	9.365673e+00	-1.037942e+01	6.999943e+00	8.876716e+00	-7.131523e+00	-9.010669e+00	
5.720435e+00	6.137520e+00	-4.981146e+00	6.017249e+00	4.801212e+00	-5.617366e+00	3.905868e+00	4.117236e+00	-5.731938e+00	-6.307597e+00	
6.500068e+00	6.552704e+00	-7.466028e+00	8.195786e+00	7.572794e+00	-6.903417e+00	6.707851e+00	6.548994e+00	-1.013955e+01	-5.569602e+00	
9.431525e+00	1.112553e+01	-9.012806e+00	8.884546e+00	1.012849e+01	-1.066218e+01	6.142293e+00	8.975536e+00	-8.548949e+00	-6.222109e+00	
1.058186e+01	1.003800e+01	-1.081414e+01	1.250856e+01	1.061308e+01	-1.077034e+01	6.039336e+00	6.645806e+00	-5.347448e+00	-6.423415e+00	
7.800582e+00	7.126435e+00	-7.811586e+00	9.258779e+00	7.741081e+00	-8.196820e+00	7.324404e+00	8.751412e+00	-1.091920e+01	-9.912160e+00	
1.445247e+01	1.424916e+01	-1.375184e+01	1.505952e+01	1.533461e+01	-1.379108e+01	1.287700e+01	1.489767e+01	-1.444885e+01	-1.511756e+01	
1.199893e+01	1.345043e+01	-1.122497e+01	1.326130e+01	1.354404e+01	-1.417399e+01	8.424313e+00	6.875086e+00	-6.219996e+00	-7.702166e+00	
1.252593e+01	1.203559e+01	-1.237694e+01	1.223564e+01	1.229629e+01	-1.351910e+01	5.878578e+00	6.968397e+00	-4.457197e+00	-7.362390e+00	
1.264537e+01	1.224792e+01	-1.211381e+01	1.225197e+01	1.248470e+01	-1.206296e+01	1.120989e+01	1.167069e+01	-1.026921e+01	-1.117484e+01	
1.434806e+01	1.395210e+01	-1.287368e+01	1.316463e+01	1.352702e+01	-9.634723e+00	8.061842e+00	6.617685e+00	-6.259176e+00	-7.564433e+00	
1.552098e+01	1.526424e+01	-1.574788e+01	1.390510e+01	1.320162e+01	-1.539295e+01	6.188613e+00	7.889470e+00	-7.559343e+00	-5.472723e+00	
1.186242e+01	9.563751e+00	-1.003656e+01	1.004115e+01	1.030994e+01	-1.138206e+01	7.344180e+00	5.990457e+00	-7.832112e+00	-6.215572e+00	
1.187571e+01	9.041719e+00	-1.114030e+01	1.345973e+01	1.264546e+01	-1.069527e+01	8.598955e+00	9.019684e+00	-8.594436e+00	-8.742293e+00	
7.005636e+00	8.323126e+00	-4.947940e+00	6.162955e+00	7.614630e+00	-8.928669e+00	1.081890e+01	1.092630e+01	-1.117893e+01	-7.572703e+00	
1.198557e+01	1.413405e+01	-9.085828e+00	1.197670e+01	9.931320e+00	-1.220338e+01	1.198925e+01	1.207261e+01	-1.396506e+01	-1.275918e+01	
9.711032e+00	9.757379e+00	-8.059016e+00	9.570574e+00	9.415283e+00	-8.926315e+00	9.535184e+00	8.807160e+00	-1.000616e+01	-8.471545e+00	
1.010363e+01	9.508870e+00	-8.921384e+00	9.395720e+00	9.167155e+00	-9.890401e+00	1.181316e+01	1.243529e+01	-1.156048e+01	-9.098624e+00	
8.341936e+00	8.181298e+00	-8.780367e+00	1.073130e+01	9.661743e+00	-8.280071e+00	8.519167e+00	4.677787e+00	-7.344880e+00	-6.824305e+00	
8.033454e+00	7.126199e+00	-6.689681e+00	6.282126e+00	5.608968e+00	-6.481570e+00	8.883854e+00	9.322605e+00	-9.222737e+00	-9.027400e+00	
1.121179e+01	8.442571e+00	-1.163999e+01	1.010294e+01	1.109057e+01	-1.070046e+01	5.666817e+00	6.783122e+00	-8.568900e+00	-6.915109e+00	
1.075242e+01	1.098721e+01	-9.475657e+00	1.220409e+01	1.123216e+01	-9.979877e+00	4.970603e+00	5.667072e+00	-4.602778e+00	-4.512956e+00	
1.192827e+01	1.035522e+01	-1.060885e+01	1.146522e+01	1.232268e+01	-1.160924e+01	9.069019e+00	9.226057e+00	-9.331256e+00	-8.276634e+00	
1.094974e+01	1.021798e+01	-1.004994e+01	1.035832e+01	1.047476e+01	-1.003230e+01	9.666552e+00	8.756111e+00	-6.655852e+00	-1.033260e+01	
1.035058e+01	1.224357e+01	-1.101384e+01	1.191592e+01	1.202185e+01	-1.249710e+01	7.317327e+00	7.708344e+00	-8.502845e+00	-7.483135e+00	
6.780652e+00	9.154632e+00	-8.784217e+00	8.023793e+00	7.196484e+00	-7.303061e+00	1.232186e+01	1.226652e+01	-9.361416e+00	-1.294055e+01	
1.518830e+01	1.355884e+01	-1.360466e+01	1.496283e+01	1.528743e+01	-1.491416e+01	5.668170e+00	6.895491e+00	-7.698080e+00	-7.056269e+00	
5.815459e+00	6.407544e+00	-7.716560e+00	6.586580e+00	6.445893e+00	-7.734225e+00	8.092245e+00	1.037680e+01	-1.002335e+01	-7.216969e+00	
6.408516e+00	6.529944e+00	-5.313787e+00	5.761415e+00	6.106920e+00	-6.933056e+00	7.842025e+00	6.593586e+00	-8.872838e+00	-7.474460e+00	
1.162150e+01	1.546739e+01	-1.249571e+01	1.319536e+01	1.400061e+01	-1.299854e+01	1.120904e+01	1.152070e+01	-1.093705e+01	-1.086315e+01	
7.697247e+00	8.377396e+00	-8.545849e+00	6.615680e+00	7.599948e+00	-7.943687e+00	1.368501e+01	1.309625e+01	-1.194967e+01	-1.393512e+01	
1.188850e+01	1.193956e+01	-1.117920e+01	1.147354e+01	1.199386e+01	-1.027742e+01	9.631573e+00	9.070623e+00	-7.794085e+00	-7.131387e+00	
5.617033e+00	5.294797e+00	-5.623206e+00	7.029594e+00	5.479848e+00	-2.528197e+00	9.169144e+00	1.002961e+01	-7.882689e+00	-6.736080e+00	
5.747862e+00	6.793919e+00	-6.795898e+00	8.557318e+00	8.504906e+00	-7.095326e+00	1.246244e+01	1.121723e+01	-1.087738e+01	-9.623212e+00	
1.026389e+01	1.088471e+01	-7.421738e+00	9.601464e+00	9.710454e+00	-1.018013e+01	9.078863e+00	7.391423e+00	-7.940109e+00	-5.282631e+00	
1.425885e+01	1.434501e+01	-1.491711e+01	1.359907e+01	1.341994e+01	-1.329700e+01	6.842539e+00	8.938529e+00	-6.064627e+00	-8.153257e+00	
1.247007e+01	1.234510e+01	-1.243086e+01	1.171655e+01	1.256144e+01	-1.026520e+01	1.391208e+01	1.213766e+01	-1.291063e+01	-1.343581e+01	
5.290601e+00	5.849564e+00	-6.954783e+00	5.805406e+00	6.287639e+00	-5.996029e+00	1.293116e+01	1.299421e+01	-1.311313e+01	-1.268853e+01	
1.282150e+01	1.197795e+01	-1.400422e+01	9.876246e+00	1.050989e+01	-1.246061e+01	8.381172e+00	8.280637e+00	-8.960140e+00	-9.659779e+00	
1.374800e+01	1.161382e+01	-1.125309e+01	1.073728e+01	1.111620e+01	-1.136194e+01	1.183743e+01	1.333585e+01	-1.284366e+01	-1.416397e+01	
1.396325e+01	1.092657e+01	-1.375078e+01	1.408790e+01	1.358108e+01	-1.318155e+01	1.429927e+01	1.499242e+01	-1.370858e+01	-1.462098e+01	
9.691417e+00	9.826629e+00	-9.131274e+00	8.916842e+00	9.340250e+00	-9.062404e+00	1.326241e+01	1.483940e+01	-1.373294e+01	-1.477071e+01	
1.215993e+01	1.203867e+01	-1.207275e+01	1.306856e+01	1.202196e+01	-1.185543e+01	1.035560e+01	9.531801e+00	-7.775046e+00	-9.415118e+00	
9.283999e+00	9.394624e+00	-9.882858e+00	1.015092e+01	1.298739e+01	-1.313103e+01	1.004256e+01	9.594427e+00	-1.035004e+01	-9.189476e+00	
1.007227e+01	9.286912e+00	-1.199549e+01	1.285747e+01	1.189283e+01	-1.165741e+01	1.168361e+01	9.602448e+00	-9.570490e+00	-1.188971e+01	
4.487042e+00	7.955455e+00	-5.885750e+00	8.441488e+00	7.848231e+00	-6.420080e+00	9.654656e+00	8.854797e+00	-1.057673e+01	-1.037455e+01	
5.901056e+00	5.055940e+00	-5.055465e+00	6.095281e+00	5.594521e+00	-3.952334e+00	1.222520e+01	1.150569e+01	-1.133850e+01	-1.152892e+01	
1.100363e+01	1.216130e+01	-9.915564e+00	1.149383e+01	1.078793e+01	-1.203920e+01	8.187884e+00	8.344555e+00	-8.196381e+00	-8.801904e+00	
7.744968e+00	7.191488e+00	-9.120475e+00	7.519391e+00	7.897330e+00	-8.906143e+00	5.202113e+00	6.383191e+00	-6.062183e+00	-7.365785e+00	
4.256210e+00	5.396269e+00	-7.064812e+00	5.166061e+00	5.000189e+00	-6.925898e+00	6.873974e+00	9.503894e+00	-6.938692e+00	-6.715507e+00	
9.902661e+00	8.907944e+00	-1.174618e+01	9.790271e+00	8.601588e+00	-1.172915e+01	1.113436e+01	8.526765e+00	-8.356230e+00	-7.567643e+00	
1.188345e+01	1.195818e+01	-1.232833e+01	1.252345e+01	1.095044e+01	-1.259677e+01	1.278485e+01	1.374605e+01	-1.244590e+01	-1.256459e+01	
1.437210e+01	1.346755e+01	-1.347219e+01	1.402272e+01	1.547890e+01	-1.551016e+01	1.423221e+01	1.538070e+01	-1.458592e+01	-1.471581e+01	
8.356013e+00	7.335923e+00	-8.136734e+00	7.615397e+00	7.850544e+00	-9.057442e+00	8.756092e+00	1.260843e+01	-5.631035e+00	-7.891649e+00	
6.138712e+00	7.293418e+00	-6.275130e+00	6.866592e+00	6.417833e+00	-7.683966e+00	8.609031e+00	9.742859e+00	-8.176349e+00	-8.422678e+00	
1.147412e+01	1.102938e+01	-1.348937e+01	1.012679e+01	1.113546e+01	-1.062991e+01	6.002902e+00	6.494446e+00	-7.130175e+00	-8.389498e+00	
9.529016e+00	7.422224e+00	-6.601056e+00	8.747568e+00	6.378875e+00	-7.827276e+00	1.472342e+01	1.498530e+01	-1.378551e+01	-1.378791e+01	
6.485578e+00	7.570126e+00	-7.536511e+00	8.077738e+00	9.066036e+00	-7.230350e+00	9.926912e+00	9.856536e+00	-1.130854e+01	-1.037476e+01	
7.361906e+00	7.511022e+00	-8.267380e+00	7.470195e+00	6.636752e+00	-7.182934e+00	4.344850e+00	6.664085e+00	-5.850437e+00	-7.368300e+00	
1.067994e+01	1.110570e+01	-1.163073e+01	1.152874e+01	1.178812e+01	-1.037240e+01	5.629127e+00	4.449522e+00	-5.119174e+00	-6.829863e+00	
1.080900e+01	9.026290e+00	-1.239825e+01	1.156793e+01	1.361504e+01	-1.046235e+01	1.131237e+01	1.046063e+01	-1.088034e+01	-1.004034e+01	
1.450816e+01	1.493682e+01	-1.683833e+01	1.544981e+01	1.496219e+01	-1.480369e+01	6.694696e+00	6.943677e+00	-5.097804e+00	-6.368813e+00	
1.148625e+01	1.209532e+01	-1.244461e+01	1.431321e+01	1.331954e+01	-1.296478e+01	5.469526e+00	7.632413e+00	-3.365077e+00	-5.931178e+00	
6.176377e+00	7.052067e+00	-6.795364e+00	6.127233e+00	5.232612e+00	-4.611704e+00	1.283137e+01	1.329515e+01	-1.373038e+01	-1.238859e+01	
6.030320e+00	7.581737e+00	-6.744077e+00	5.440618e+00	5.169190e+00	-7.116429e+00	8.878241e+00	8.349850e+00	-9.724844e+00	-9.732850e+00	
1.082995e+01	8.717284e+00	-9.378307e+00	9.931555e+00	1.033363e+01	-1.036810e+01	9.183781e+00	1.157493e+01	-1.033944e+01	-8.392483e+00	
8.589264e+00	1.040699e+01	-8.885190e+00	8.632324e+00	7.532303e+00	-6.114798e+00	8.183001e+00	7.500435e+00	-7.018465e+00	-7.643923e+00	
8.811539e+00	1.012613e+01	-9.761711e+00	8.322744e+00	9.569917e+00	-1.048522e+01	6.357880e+00	6.485395e+00	-5.518951e+00	-6.502668e+00	
1.151141e+01	1.111371e+01	-9.514938e+00	9.828223e+00	1.179833e+01	-1.022929e+01	1.412973e+01	1.450401e+01	-1.408382e+01	-1.474721e+01	
1.502403e+01	1.744163e+01	-1.662045e+01	1.453888e+01	1.487059e+01	-1.486556e+01	1.608046e+01	1.484377e+01	-1.473919e+01	-1.455571e+01	
3.601722e+00	5.087951e+00	-6.108539e+00	4.513886e+00	5.449276e+00	-6.291826e+00	1.202023e+01	1.149335e+01	-1.523772e+01	-1.316073e+01	
8.664285e+00	1.129434e+01	-9.960432e+00	1.100504e+01	1.007300e+01	-9.974071e+00	1.012184e+01	1.002213e+01	-9.151138e+00	-7.743743e+00	
9.697024e+00	9.644142e+00	-8.484874e+00	9.036795e+00	1.000750e+01	-8.243788e+00	8.520843e+00	8.496592e+00	-9.597619e+00	-9.516095e+00	
4.314975e+00	8.175954e+00	-5.190608e+00	3.862244e+00	4.775339e+00	-6.037081e+00	7.922013e+00	9.174998e+00	-8.543892e+00	-9.798773e+00	
4.140575e+00	5.856343e+00	-5.944339e+00	6.275498e+00	6.729368e+00	-4.414934e+00	5.461478e+00	4.992332e+00	-6.720338e+00	-5.377810e+00	
9.091972e+00	9.339591e+00	-9.892586e+00	8.675623e+00	8.671498e+00	-8.626804e+00	1.050510e+01	9.248127e+00	-1.043851e+01	-9.336306e+00	
6.761393e+00	7.204499e+00	-1.135158e+01	8.800823e+00	7.288392e+00	-8.532542e+00	1.403892e+01	1.308067e+01	-1.347009e+01	-1.387812e+01	
1.449361e+01	1.534435e+01	-1.598269e+01	1.523133e+01	1.524520e+01	-1.544410e+01	4.735750e+00	6.673399e+00	-5.432003e+00	-5.661321e+00	
6.354328e+00	6.372970e+00	-8.490234e+00	8.034546e+00	7.109396e+00	-5.930726e+00	1.405525e+01	1.140701e+01	-1.190123e+01	-1.255701e+01	
1.160644e+01	1.229757e+01	-1.215991e+01	1.558258e+01	1.365067e+01	-1.010342e+01	1.372579e+01	1.352313e+01	-1.269813e+01	-1.383907e+01	
9.948146e+00	7.508775e+00	-1.092156e+01	9.365718e+00	8.126397e+00	-9.988040e+00	5.201871e+00	4.874919e+00	-5.586602e+00	-5.091754e+00	
6.490678e+00	7.545202e+00	-7.583185e+00	7.382248e+00	7.421234e+00	-5.890170e+00	6.935667e+00	5.257448e+00	-6.803126e+00	-5.897899e+00	
1.341356e+01	1.289130e+01	-1.280762e+01	1.266215e+01	1.319341e+01	-1.384889e+01	1.320853e+01	1.423130e+01	-1.236047e+01	-1.195934e+01	
1.067042e+01	1.061129e+01	-8.989281e+00	1.138482e+01	1.093881e+01	-1.079066e+01	5.038367e+00	3.462799e+00	-5.962665e+00	-7.065557e+00	
1.210668e+01	1.262815e+01	-1.088005e+01	1.383421e+01	1.203665e+01	-1.231668e+01	9.312498e+00	1.083373e+01	-9.693932e+00	-9.532950e+00	
1.284739e+01	1.401195e+01	-1.292573e+01	1.306020e+01	1.383067e+01	-1.158944e+01	4.628011e+00	3.901405e+00	-6.413746e+00	-6.195784e+00	
1.451084e+01	1.349646e+01	-1.317532e+01	1.341932e+01	1.428244e+01	-1.521247e+01	4.831578e+00	5.252998e+00	-5.741933e+00	-6.037951e+00	
1.155459e+01	1.289852e+01	-1.393113e+01	1.247037e+01	1.220335e+01	-1.220607e+01	1.531649e+01	1.549877e+01	-1.358753e+01	-1.420135e+01	
8.022795e+00	8.476962e+00	-7.339467e+00	7.499893e+00	7.800934e+00	-5.315938e+00	6.612034e+00	9.154923e+00	-6.273471e+00	-7.792423e+00	
1.035639e+01	7.352949e+00	-6.967023e+00	9.768542e+00	8.441850e+00	-9.116764e+00	1.129396e+01	1.129055e+01	-9.793600e+00	-9.904210e+00	
9.413356e+00	1.042936e+01	-9.979798e+00	9.764708e+00	9.581367e+00	-7.901170e+00	1.321794e+01	1.456419e+01	-1.450995e+01	-1.690535e+01	
1.413092e+01	1.337928e+01	-1.345957e+01	1.346406e+01	1.374211e+01	-1.222574e+01	8.542667e+00	8.814013e+00	-9.465810e+00	-9.522368e+00	
1.423385e+01	1.539535e+01	-1.525558e+01	1.686773e+01	1.651075e+01	-1.431586e+01	7.154113e+00	6.252079e+00	-5.826828e+00	-5.463033e+00	
1.422581e+01	1.470688e+01	-1.323932e+01	1.393776e+01	1.425046e+01	-1.196263e+01	1.172951e+01	1.314977e+01	-1.138527e+01	-1.061446e+01	
6.596100e+00	6.342139e+00	-4.121917e+00	7.490679e+00	6.581198e+00	-6.001534e+00	3.812662e+00	7.224300e+00	-5.227114e+00	-6.907143e+00	
1.069022e+01	9.489648e+00	-1.154519e+01	8.442860e+00	9.833353e+00	-1.082426e+01	6.030456e+00	4.087664e+00	-5.798541e+00	-7.095431e+00	
9.938247e+00	1.035190e+01	-1.059752e+01	1.070086e+01	1.089584e+01	-1.152012e+01	1.238265e+01	1.190706e+01	-1.240261e+01	-1.340937e+01	
1.091322e+01	9.742155e+00	-1.097400e+01	1.051063e+01	9.752536e+00	-1.108779e+01	1.078911e+01	1.119089e+01	-1.000646e+01	-1.042255e+01	
5.427001e+00	6.905135e+00	-4.218240e+00	5.396109e+00	4.925048e+00	-7.042568e+00	7.868655e+00	7.219657e+00	-8.374602e+00	-7.531391e+00	
1.414819e+01	1.115752e+01	-1.154644e+01	1.266059e+01	1.259955e+01	-1.180028e+01	9.876992e+00	7.612446e+00	-7.364606e+00	-9.893512e+00	
5.729188e+00	7.133864e+00	-6.387266e+00	6.953269e+00	7.353719e+00	-7.971994e+00	1.527053e+01	1.437646e+01	-1.353289e+01	-1.524645e+01	
1.194085e+01	1.017167e+01	-1.312202e+01	1.224383e+01	1.281945e+01	-1.156208e+01	1.395172e+01	1.680875e+01	-1.449200e+01	-1.369883e+01	
8.107993e+00	8.892531e+00	-7.599308e+00	5.442353e+00	8.687622e+00	-6.806183e+00	1.162313e+01	1.219110e+01	-1.355912e+01	-1.158927e+01	
9.885328e+00	1.169994e+01	-1.036043e+01	1.044569e+01	1.052212e+01	-1.080856e+01	9.831253e+00	1.145967e+01	-9.326088e+00	-8.244396e+00	
6.598063e+00	6.991944e+00	-8.264078e+00	6.771886e+00	7.983294e+00	-8.720458e+00	1.256362e+01	1.269171e+01	-1.085889e+01	-1.191681e+01	
1.372334e+01	1.567372e+01	-1.641004e+01	1.344465e+01	1.633161e+01	-1.437269e+01	9.824927e+00	9.158788e+00	-9.592305e+00	-1.249520e+01	
1.459872e+01	1.410124e+01	-1.329393e+01	1.268738e+01	1.419288e+01	-1.554137e+01	1.077977e+01	9.685918e+00	-9.341163e+00	-1.053396e+01	
1.250938e+01	1.254441e+01	-1.352818e+01	1.478196e+01	1.367431e+01	-1.287772e+01	5.615668e+00	3.891052e+00	-6.497018e+00	-6.863107e+00	
5.346874e+00	5.087554e+00	-5.071015e+00	6.401316e+00	6.226305e+00	-5.508208e+00	7.421663e+00	6.429835e+00	-6.837080e+00	-8.199816e+00	
6.178698e+00	3.438821e+00	-5.345743e+00	5.449588e+00	4.587262e+00	-4.436667e+00	1.489735e+01	1.449008e+01	-1.520033e+01	-1.396590e+01	
1.320543e+01	1.137756e+01	-1.214000e+01	1.368085e+01	1.209474e+01	-1.312828e+01	1.101174e+01	8.821380e+00	-8.626682e+00	-9.871913e+00	
1.330979e+01	1.418829e+01	-1.438782e+01	1.318927e+01	1.099251e+01	-1.295529e+01	1.194753e+01	1.095815e+01	-1.002393e+01	-1.035525e+01	
1.578775e+01	1.335713e+01	-1.617075e+01	1.342480e+01	1.397368e+01	-1.454575e+01	9.251023e+00	1.143563e+01	-1.171471e+01	-1.059021e+01	
8.543342e+00	7.023910e+00	-8.885627e+00	8.166097e+00	9.148950e+00	-9.919495e+00	7.855364e+00	5.177237e+00	-5.407879e+00	-5.006046e+00	
6.210670e+00	5.767375e+00	-6.101327e+00	6.731680e+00	6.020721e+00	-6.240677e+00	1.272090e+01	1.003976e+01	-9.337020e+00	-1.050986e+01	
7.126776e+00	6.075369e+00	-7.875100e+00	7.491900e+00	8.208323e+00	-7.843710e+00	1.374354e+01	1.391517e+01	-1.434006e+01	-1.453900e+01	
1.261638e+01	1.141199e+01	-1.125541e+01	1.165292e+01	1.213314e+01	-9.854479e+00	4.899222e+00	3.430515e+00	-4.147734e+00	-6.088934e+00	
7.911255e+00	7.604634e+00	-7.760294e+00	7.354181e+00	9.397818e+00	-8.279409e+00	1.313889e+01	1.294062e+01	-1.122434e+01	-1.365669e+01	
5.984460e+00	8.277604e+00	-6.958499e+00	5.878014e+00	6.119858e+00	-5.853703e+00	6.944612e+00	8.887465e+00	-9.591638e+00	-8.391191e+00	
1.184446e+01	1.284958e+01	-1.236916e+01	1.369112e+01	1.266039e+01	-1.149255e+01	1.188366e+01	1.135213e+01	-1.203841e+01	-1.219975e+01	
9.512724e+00	1.085616e+01	-1.008248e+01	9.008951e+00	1.065156e+01	-9.566341e+00	7.177373e+00	6.801251e+00	-9.019921e+00	-7.386707e+00	
1.373487e+01	1.290024e+01	-1.397967e+01	1.347010e+01	1.182546e+01	-1.211082e+01	5.923959e+00	4.826295e+00	-8.565896e+00	-5.168941e+00	
4.878451e+00	6.239323e+00	-5.417234e+00	4.576813e+00	6.404962e+00	-5.093623e+00	1.210964e+01	9.964847e+00	-1.175274e+01	-1.054414e+01	
1.253404e+01	1.342275e+01	-1.080540e+01	1.365451e+01	1.285447e+01	-1.334444e+01	1.051878e+01	9.534930e+00	-9.780589e+00	-9.240786e+00	
1.583919e+01	1.209032e+01	-1.576667e+01	1.306534e+01	1.199006e+01	-1.434509e+01	1.405363e+01	1.464046e+01	-1.410387e+01	-1.507620e+01	
1.222360e+01	1.360511e+01	-1.339067e+01	1.318378e+01	1.425836e+01	-1.336902e+01	8.191940e+00	8.360749e+00	-7.946601e+00	-8.846200e+00	
9.979501e+00	9.439950e+00	-9.927438e+00	1.006641e+01	9.356545e+00	-8.663049e+00	1.078591e+01	1.086942e+01	-1.096757e+01	-1.179695e+01	
5.473644e+00	6.614245e+00	-5.324677e+00	7.533113e+00	6.600905e+00	-6.900797e+00	1.355667e+01	1.477556e+01	-1.359572e+01	-1.161871e+01	
4.229112e+00	5.190365e+00	-4.062885e+00	5.449110e+00	5.440569e+00	-5.338149e+00	1.108238e+01	1.112573e+01	-1.402779e+01	-1.083553e+01	
6.575477e+00	4.446943e+00	-7.633867e+00	6.743441e+00	5.300183e+00	-4.709562e+00	4.063641e+00	4.741553e+00	-5.114210e+00	-4.806556e+00	
1.090105e+01	1.196075e+01	-1.186710e+01	1.190189e+01	1.256798e+01	-1.372960e+01	1.113817e+01	8.701630e+00	-8.017232e+00	-7.782099e+00	
1.024424e+01	1.094514e+01	-1.012798e+01	1.172676e+01	1.154938e+01	-1.140531e+01	1.399320e+01	1.477492e+01	-1.449010e+01	-1.189672e+01	
9.370909e+00	1.147255e+01	-1.087568e+01	1.132756e+01	9.846937e+00	-9.782457e+00	6.176155e+00	9.556325e+00	-7.143141e+00	-7.879487e+00	
7.985730e+00	5.744399e+00	-5.482794e+00	9.546064e+00	6.282594e+00	-6.309175e+00	1.140378e+01	1.034412e+01	-1.059056e+01	-1.136694e+01	
9.362581e+00	7.941978e+00	-1.087178e+01	1.036185e+01	1.024767e+01	-1.167028e+01	7.392822e+00	8.688327e+00	-9.048622e+00	-1.027187e+01	
8.001555e+00	8.666251e+00	-9.020523e+00	8.640728e+00	9.592298e+00	-7.452757e+00	1.012822e+01	1.037032e+01	-6.972623e+00	-8.157558e+00	
1.379787e+01	1.649832e+01	-1.402568e+01	1.443792e+01	1.493819e+01	-1.474417e+01	5.304431e+00	5.209618e+00	-6.150409e+00	-6.540144e+00	
8.569254e+00	9.355103e+00	-8.473557e+00	8.252176e+00	9.591974e+00	-6.865193e+00	1.479139e+01	1.645093e+01	-1.428272e+01	-1.438992e+01	
1.364725e+01	1.270661e+01	-1.336021e+01	1.506699e+01	1.122349e+01	-1.388197e+01	1.440729e+01	1.474437e+01	-1.637997e+01	-1.406703e+01	
4.882781e+00	7.720876e+00	-5.722814e+00	5.845434e+00	5.170870e+00	-5.997666e+00	1.106201e+01	9.652991e+00	-9.024442e+00	-1.057811e+01	
1.487771e+01	1.621487e+01	-1.530734e+01	1.168278e+01	1.367683e+01	-1.299032e+01	6.128337e+00	6.051528e+00	-6.203503e+00	-7.274609e+00	
1.251715e+01	1.478069e+01	-1.500213e+01	1.358298e+01	1.444553e+01	-1.454547e+01	1.068003e+01	1.105913e+01	-9.077128e+00	-1.057048e+01	
9.094570e+00	7.503470e+00	-8.579556e+00	8.028464e+00	7.693199e+00	-6.994611e+00	9.753138e+00	9.880801e+00	-8.146530e+00	-8.161148e+00	
3.957333e+00	6.571784e+00	-5.630867e+00	5.353058e+00	3.931382e+00	-5.468966e+00	8.099379e+00	7.004323e+00	-9.516554e+00	-9.121098e+00	
6.849501e+00	5.857140e+00	-6.931849e+00	6.537936e+00	7.334894e+00	-6.680422e+00	8.963454e+00	7.994345e+00	-1.040788e+01	-8.824271e+00	
1.205828e+01	1.244915e+01	-1.015902e+01	1.225932e+01	1.210847e+01	-1.172542e+01	1.075020e+01	1.148751e+01	-1.166661e+01	-1.310388e+01	
1.182564e+01	1.154803e+01	-1.154626e+01	1.151545e+01	1.245366e+01	-1.161464e+01	7.669343e+00	9.824338e+00	-1.011452e+01	-9.350766e+00	
7.389617e+00	6.943323e+00	-7.126957e+00	7.123605e+00	7.292055e+00	-6.914110e+00	1.193188e+01	1.155843e+01	-1.163767e+01	-1.282319e+01	
8.214966e+00	8.201299e+00	-7.822692e+00	7.000203e+00	8.134802e+00	-5.460974e+00	4.808717e+00	7.711988e+00	-5.431968e+00	-5.866266e+00	
7.557063e+00	8.121713e+00	-6.068314e+00	8.568505e+00	8.205042e+00	-8.392474e+00	1.159450e+01	1.427903e+01	-1.157021e+01	-1.213234e+01	
9.001817e+00	8.942938e+00	-7.953884e+00	1.032693e+01	9.645370e+00	-7.854078e+00	9.284043e+00	9.550452e+00	-1.068031e+01	-8.785135e+00	
5.873459e+00	4.649954e+00	-5.920362e+00	5.778671e+00	5.742261e+00	-7.233676e+00	1.062732e+01	1.006017e+01	-1.190557e+01	-1.355419e+01	
6.969764e+00	7.341588e+00	-5.998481e+00	5.142154e+00	7.142208e+00	-5.719470e+00	7.914257e+00	7.016562e+00	-6.141233e+00	-6.549879e+00	
1.219624e+01	1.092556e+01	-1.165457e+01	1.333539e+01	1.233536e+01	-1.256318e+01	9.136215e+00	8.090429e+00	-6.768917e+00	-1.058193e+01	
1.313135e+01	1.376800e+01	-1.185577e+01	1.218639e+01	1.294359e+01	-1.358514e+01	5.729998e+00	6.213718e+00	-6.462846e+00	-5.044116e+00	
7.613623e+00	7.622503e+00	-5.961187e+00	6.564397e+00	6.009297e+00	-6.405291e+00	1.019297e+01	1.032702e+01	-9.734291e+00	-9.212080e+00	
1.428079e+01	1.435338e+01	-1.264357e+01	1.475937e+01	1.393426e+01	-1.370388e+01	7.430843e+00	6.971025e+00	-8.815876e+00	-5.765319e+00	
9.915139e+00	1.166881e+01	-1.078372e+01	1.218743e+01	1.104866e+01	-1.051670e+01	5.285001e+00	5.692631e+00	-5.814038e+00	-8.559065e+00	
1.325029e+01	1.087904e+01	-1.218332e+01	1.238242e+01	1.209736e+01	-1.134571e+01	1.187338e+01	1.271576e+01	-1.359663e+01	-1.240075e+01	
8.178184e+00	9.498932e+00	-9.234209e+00	8.388100e+00	7.101654e+00	-7.529117e+00	1.357245e+01	1.329091e+01	-1.438280e+01	-1.158569e+01	
9.498051e+00	1.204183e+01	-1.165609e+01	1.081924e+01	1.131739e+01	-8.612296e+00	1.045434e+01	6.842051e+00	-8.634847e+00	-7.173330e+00	
1.387591e+01	1.159673e+01	-1.339909e+01	1.479102e+01	1.306463e+01	-1.278638e+01	8.171040e+00	1.030736e+01	-8.861895e+00	-1.146800e+01	
1.281642e+01	1.392795e+01	-1.523586e+01	1.551054e+01	1.465321e+01	-1.471439e+01	9.950136e+00	9.007667e+00	-8.795189e+00	-1.033327e+01	
1.042041e+01	1.106904e+01	-8.828923e+00	1.148322e+01	1.028686e+01	-1.181147e+01	9.519892e+00	8.182803e+00	-7.933039e+00	-9.554523e+00	
1.078151e+01	1.001770e+01	-1.015716e+01	1.056101e+01	1.105288e+01	-1.100894e+01	4.071192e+00	5.434347e+00	-6.361156e+00	-5.113262e+00	
1.343088e+01	1.422520e+01	-1.370458e+01	1.696891e+01	1.419135e+01	-1.316048e+01	1.156307e+01	1.263061e+01	-1.263122e+01	-1.208347e+01	
6.387740e+00	5.441933e+00	-6.132425e+00	6.350076e+00	6.487305e+00	-6.681670e+00	9.241263e+00	1.038023e+01	-9.178874e+00	-1.085753e+01	
6.485662e+00	7.799625e+00	-8.011969e+00	7.586541e+00	7.069670e+00	-9.569808e+00	1.078687e+01	9.275228e+00	-8.133379e+00	-7.889267e+00	
1.083023e+01	8.757877e+00	-7.938956e+00	8.132964e+00	9.572860e+00	-9.023602e+00	7.816032e+00	6.195062e+00	-6.776281e+00	-7.534871e+00	
1.297016e+01	1.069194e+01	-1.107993e+01	1.028092e+01	8.858724e+00	-1.026434e+01	1.210035e+01	1.388493e+01	-1.442980e+01	-1.330962e+01	
1.214780e+01	1.343209e+01	-1.320745e+01	1.301661e+01	1.197136e+01	-1.223439e+01	8.078049e+00	7.173831e+00	-6.664339e+00	-7.513536e+00	
5.639043e+00	3.222539e+00	-6.075833e+00	5.169538e+00	5.429257e+00	-4.947495e+00	1.018461e+01	1.293636e+01	-1.085588e+01	-1.095029e+01	
8.795899e+00	8.797818e+00	-9.317172e+00	9.465239e+00	9.397851e+00	-7.888567e+00	6.665904e+00	6.080866e+00	-6.767143e+00	-5.972152e+00	
6.073991e+00	7.313470e+00	-5.150150e+00	4.917085e+00	5.703785e+00	-6.970605e+00	1.430843e+01	1.529506e+01	-1.407277e+01	-1.622880e+01	
7.906223e+00	1.038332e+01	-9.764219e+00	1.034798e+01	8.931334e+00	-1.073956e+01	7.403648e+00	1.010753e+01	-9.140378e+00	-8.516686e+00	
1.309193e+01	1.395854e+01	-1.234388e+01	1.380509e+01	1.088638e+01	-1.279919e+01	1.094037e+01	1.032408e+01	-9.072268e+00	-7.852894e+00	
7.016591e+00	6.495779e+00	-7.217320e+00	8.366483e+00	6.607004e+00	-7.424475e+00	5.118695e+00	6.020824e+00	-4.309461e+00	-5.495763e+00	
1.474687e+01	1.752488e+01	-1.422698e+01	1.459996e+01	1.417515e+01	-1.364226e+01	1.188344e+01	1.341614e+01	-1.057933e+01	-1.232315e+01	
5.368046e+00	7.017861e+00	-7.952925e+00	8.327472e+00	7.227422e+00	-7.016648e+00	9.632566e+00	6.458365e+00	-7.904360e+00	-9.291917e+00	
9.909543e+00	1.129931e+01	-9.287756e+00	9.891083e+00	9.754043e+00	-1.075787e+01	1.426629e+01	1.364088e+01	-1.445570e+01	-1.352423e+01	
9.563402e+00	9.145133e+00	-9.491030e+00	8.496807e+00	8.627719e+00	-9.995237e+00	4.107543e+00	6.413068e+00	-5.389094e+00	-6.876668e+00	
1.452728e+01	1.197042e+01	-1.350291e+01	1.171681e+01	1.391378e+01	-1.333005e+01	7.070279e+00	5.004851e+00	-7.225652e+00	-5.993744e+00	
1.189931e+01	1.076195e+01	-9.174163e+00	9.766612e+00	9.542049e+00	-1.006439e+01	1.131995e+01	1.333535e+01	-1.143744e+01	-1.125077e+01	
1.021668e+01	1.084301e+01	-8.832673e+00	1.063663e+01	1.119718e+01	-9.395714e+00	9.299347e+00	8.083404e+00	-7.305749e+00	-9.498832e+00	
5.641353e+00	4.828580e+00	-5.651737e+00	6.319806e+00	7.398772e+00	-5.850700e+00	1.104740e+01	1.071286e+01	-9.002100e+00	-9.339217e+00	
1.466766e+01	1.264876e+01	-1.203024e+01	1.200988e+01	1.212629e+01	-1.202545e+01	1.037861e+01	1.078840e+01	-1.036350e+01	-8.712317e+00	
1.106999e+01	7.381870e+00	-9.276460e+00	8.782707e+00	9.333398e+00	-1.026720e+01	1.483198e+01	1.444857e+01	-1.265222e+01	-1.250408e+01	
1.169802e+01	1.238425e+01	-1.218642e+01	1.148216e+01	1.160679e+01	-1.196466e+01	1.069157e+01	1.321533e+01	-1.190678e+01	-1.175529e+01	
1.019631e+01	1.062232e+01	-1.102305e+01	9.461457e+00	8.581418e+00	-9.785747e+00	7.785989e+00	8.304765e+00	-8.708557e+00	-7.324697e+00	
1.307263e+01	1.338088e+01	-1.414604e+01	1.504884e+01	1.309872e+01	-1.521665e+01	1.140712e+01	1.275186e+01	-1.094507e+01	-1.144428e+01	
7.311615e+00	7.395532e+00	-8.527788e+00	8.831065e+00	1.023758e+01	-7.384507e+00	9.899752e+00	1.076567e+01	-1.152527e+01	-1.126377e+01	
1.108596e+01	9.689623e+00	-9.551691e+00	9.132121e+00	1.128230e+01	-9.882871e+00	1.359294e+01	1.107277e+01	-1.269615e+01	-1.247460e+01	
1.424919e+01	1.377570e+01	-1.192116e+01	1.327207e+01	1.369832e+01	-1.417386e+01	1.171572e+01	1.250284e+01	-1.300459e+01	-1.158632e+01	
1.185295e+01	1.543277e+01	-1.395789e+01	1.184020e+01	1.212233e+01	-1.389539e+01	6.641332e+00	6.671492e+00	-5.266954e+00	-6.001005e+00	
1.211257e+01	1.184536e+01	-1.104741e+01	1.157866e+01	1.060280e+01	-1.219237e+01	1.482586e+01	1.472639e+01	-1.569868e+01	-1.517754e+01	
1.300673e+01	1.295584e+01	-1.254983e+01	1.037653e+01	1.272027e+01	-1.165338e+01	8.360484e+00	9.096164e+00	-9.554745e+00	-7.411746e+00	
9.664591e+00	9.043398e+00	-9.671375e+00	1.100715e+01	9.571675e+00	-7.512317e+00	8.129706e+00	7.616360e+00	-5.294387e+00	-9.666259e+00	
8.861522e+00	1.042920e+01	-1.211696e+01	1.000725e+01	1.033875e+01	-9.940830e+00	1.119935e+01	1.007135e+01	-1.028552e+01	-1.120968e+01	
7.750524e+00	9.280114e+00	-8.734642e+00	8.520385e+00	8.227379e+00	-7.098521e+00	8.801611e+00	7.439547e+00	-7.542035e+00	-6.116048e+00	
1.361322e+01	1.494762e+01	-1.505977e+01	1.312516e+01	1.384080e+01	-1.324015e+01	9.007439e+00	9.093099e+00	-7.723407e+00	-8.613529e+00	
1.300538e+01	1.268074e+01	-1.363836e+01	1.306977e+01	1.229326e+01	-1.360596e+01	9.601408e+00	1.056944e+01	-1.178131e+01	-1.051043e+01	
1.378236e+01	1.365274e+01	-1.235616e+01	1.237631e+01	1.393935e+01	-1.430470e+01	1.364114e+01	1.218996e+01	-1.399286e+01	-1.347588e+01	
9.818960e+00	1.056404e+01	-9.906296e+00	1.128015e+01	9.910018e+00	-9.775363e+00	1.697529e+01	1.565381e+01	-1.544142e+01	-1.338779e+01	
1.091550e+01	9.648240e+00	-9.507644e+00	1.181524e+01	8.140017e+00	-1.112225e+01	1.230182e+01	1.081293e+01	-1.114506e+01	-1.018294e+01	
7.257658e+00	7.335669e+00	-7.228303e+00	7.022694e+00	8.554805e+00	-8.244719e+00	6.166244e+00	6.952015e+00	-5.587068e+00	-6.584394e+00	
4.697236e+00	4.414948e+00	-3.661478e+00	4.816964e+00	4.436630e+00	-5.770601e+00	1.395909e+01	1.234205e+01	-1.548405e+01	-1.364499e+01	
9.541351e+00	1.016374e+01	-9.628763e+00	9.475907e+00	8.944487e+00	-7.366762e+00	1.246841e+01	1.306344e+01	-1.110882e+01	-1.265996e+01	
5.723043e+00	4.624459e+00	-5.295567e+00	5.011194e+00	4.935906e+00	-4.588269e+00	1.053755e+01	1.086953e+01	-1.080619e+01	-9.857351e+00	
7.798532e+00	7.020258e+00	-6.532468e+00	7.942417e+00	7.674535e+00	-8.245468e+00	1.290262e+01	1.370445e+01	-1.531365e+01	-1.421549e+01	
7.738983e+00	6.946066e+00	-8.022795e+00	7.963606e+00	6.941845e+00	-8.085052e+00	1.282313e+01	1.309442e+01	-1.403247e+01	-1.070443e+01	
5.722671e+00	4.968584e+00	-5.385901e+00	6.128815e+00	4.529474e+00	-4.469337e+00	1.558300e+01	1.484053e+01	-1.469447e+01	-1.551444e+01	
8.752214e+00	8.540311e+00	-9.971201e+00	7.858487e+00	9.014055e+00	-7.951695e+00	1.542926e+01	1.475795e+01	-1.450681e+01	-1.456538e+01	
1.168565e+01	1.375810e+01	-1.477135e+01	1.333332e+01	1.553980e+01	-1.458210e+01	1.256169e+01	1.442251e+01	-1.436996e+01	-1.466104e+01	
1.311484e+01	1.374189e+01	-1.368310e+01	1.357787e+01	1.396839e+01	-1.305214e+01	1.112954e+01	1.126535e+01	-1.284252e+01	-1.080508e+01	
8.035394e+00	8.992233e+00	-7.029594e+00	9.483985e+00	8.386066e+00	-8.660067e+00	1.468774e+01	1.257981e+01	-1.244944e+01	-1.242462e+01	
1.078528e+01	1.315213e+01	-9.587061e+00	9.586640e+00	9.245683e+00	-1.207797e+01	1.320585e+01	1.054684e+01	-1.037363e+01	-1.083195e+01	
1.540312e+01	1.392562e+01	-1.340341e+01	1.256366e+01	1.362057e+01	-1.344585e+01	1.257306e+01	1.407520e+01	-1.393087e+01	-1.481527e+01	
5.368546e+00	4.658058e+00	-4.841359e+00	4.900345e+00	4.389039e+00	-4.331560e+00	8.787952e+00	8.759270e+00	-7.502799e+00	-7.178489e+00	
1.005592e+01	1.140443e+01	-1.136443e+01	9.602178e+00	1.120988e+01	-9.320570e+00	6.023151e+00	6.311869e+00	-6.674483e+00	-6.794085e+00	
1.169468e+01	7.780480e+00	-9.878649e+00	8.857635e+00	8.300830e+00	-9.916881e+00	9.211215e+00	1.102304e+01	-1.165397e+01	-1.060048e+01	
1.426321e+01	1.290331e+01	-1.389723e+01	1.553961e+01	1.404588e+01	-1.375373e+01	1.377299e+01	1.624849e+01	-1.433547e+01	-1.516144e+01	
6.652231e+00	7.491597e+00	-6.315436e+00	7.300421e+00	7.228503e+00	-6.770172e+00	1.014119e+01	7.820703e+00	-7.347218e+00	-5.910154e+00	
7.996309e+00	8.556301e+00	-7.477949e+00	9.162148e+00	6.750865e+00	-1.071625e+01	1.386969e+01	1.622329e+01	-1.433632e+01	-1.472314e+01	
1.321567e+01	1.064936e+01	-1.291389e+01	1.275905e+01	1.187983e+01	-1.276281e+01	1.093689e+01	1.240911e+01	-1.211002e+01	-1.023452e+01	
1.235863e+01	1.378639e+01	-1.336427e+01	1.411515e+01	1.108337e+01	-1.235719e+01	1.404876e+01	1.322644e+01	-1.568363e+01	-1.372921e+01	
7.982745e+00	8.360732e+00	-8.882380e+00	7.784254e+00	8.287990e+00	-7.813592e+00	1.447143e+01	1.205927e+01	-1.283331e+01	-1.185114e+01	
5.711937e+00	6.372627e+00	-5.873474e+00	6.833478e+00	7.529547e+00	-5.940967e+00	8.808636e+00	9.438787e+00	-8.064532e+00	-9.817802e+00	
4.527800e+00	6.085825e+00	-6.541401e+00	6.597442e+00	8.518589e+00	-6.580201e+00	1.344663e+01	1.464753e+01	-1.526723e+01	-1.351519e+01	
6.102586e+00	5.414596e+00	-7.717071e+00	8.070304e+00	6.579137e+00	-5.708423e+00	5.933969e+00	8.963110e+00	-7.514458e+00	-6.722983e+00	
1.470263e+01	1.284969e+01	-1.566992e+01	1.462521e+01	1.223441e+01	-1.610212e+01	6.830058e+00	8.275796e+00	-5.672290e+00	-8.385156e+00	
1.517422e+01	1.519973e+01	-1.275718e+01	1.218900e+01	1.365318e+01	-1.499339e+01	1.532446e+01	1.583347e+01	-1.609289e+01	-1.325589e+01	
1.008912e+01	9.208896e+00	-8.944562e+00	9.242942e+00	9.838916e+00	-9.695212e+00	6.919849e+00	8.403032e+00	-6.128856e+00	-6.464350e+00	
5.228375e+00	7.284506e+00	-6.704066e+00	6.438670e+00	6.367717e+00	-8.357701e+00	7.053883e+00	7.827515e+00	-5.841706e+00	-4.804226e+00	
1.390956e+01	1.189789e+01	-1.361745e+01	1.265095e+01	1.236082e+01	-1.266057e+01	1.552847e+01	1.447850e+01	-1.259334e+01	-1.430032e+01	
1.251665e+01	1.113840e+01	-1.384294e+01	1.334341e+01	1.327002e+01	-1.419445e+01	1.256057e+01	1.297002e+01	-1.361591e+01	-1.343888e+01	
7.364679e+00	4.595362e+00	-6.516808e+00	5.211381e+00	6.476581e+00	-6.808785e+00	1.216806e+01	1.443696e+01	-1.322283e+01	-1.443743e+01	
4.526033e+00	5.570145e+00	-6.203668e+00	7.590771e+00	5.608367e+00	-5.117638e+00	7.653192e+00	7.450854e+00	-6.887426e+00	-5.835035e+00	
1.167567e+01	1.393532e+01	-1.164259e+01	1.453249e+01	1.240484e+01	-1.118578e+01	1.453206e+01	1.280511e+01	-1.504477e+01	-1.333911e+01	
5.385764e+00	7.922264e+00	-6.938611e+00	7.374036e+00	5.417957e+00	-5.265851e+00	8.373334e+00	1.119786e+01	-1.190049e+01	-9.375073e+00	
9.373444e+00	7.727884e+00	-8.792333e+00	5.944329e+00	6.683046e+00	-8.808849e+00	8.243439e+00	5.475980e+00	-6.446817e+00	-6.631161e+00	
8.487992e+00	1.036867e+01	-9.681022e+00	1.021066e+01	9.882692e+00	-9.607184e+00	1.446256e+01	1.302044e+01	-1.529792e+01	-1.447946e+01	
1.265363e+01	1.498817e+01	-1.417193e+01	1.426977e+01	1.361462e+01	-1.443528e+01	1.545805e+01	1.520391e+01	-1.638336e+01	-1.387148e+01	
1.339993e+01	1.236978e+01	-1.411836e+01	1.511711e+01	1.364300e+01	-1.464107e+01	5.716633e+00	5.850743e+00	-4.987777e+00	-5.995398e+00	
1.451250e+01	1.269039e+01	-1.345621e+01	1.384833e+01	1.619420e+01	-1.470365e+01	1.507617e+01	1.477044e+01	-1.573336e+01	-1.377705e+01	
8.149964e+00	7.828311e+00	-8.095728e+00	6.664587e+00	6.100935e+00	-6.611099e+00	7.557928e+00	4.579917e+00	-3.507795e+00	-5.921855e+00	
1.193807e+01	1.019082e+01	-1.234959e+01	1.079028e+01	1.114576e+01	-1.244036e+01	1.515924e+01	1.574499e+01	-1.498411e+01	-1.417921e+01	
1.067600e+01	1.005553e+01	-1.149215e+01	1.137813e+01	1.103192e+01	-1.100073e+01	8.987170e+00	9.611257e+00	-9.571433e+00	-9.059342e+00	
5.097269e+00	7.330299e+00	-6.409898e+00	6.870533e+00	6.518782e+00	-7.304712e+00	9.408527e+00	1.220902e+01	-1.047753e+01	-1.220049e+01	
9.583566e+00	9.285515e+00	-7.982892e+00	1.050580e+01	7.046604e+00	-8.281408e+00	1.323463e+01	1.254006e+01	-1.257217e+01	-1.329445e+01	
6.037044e+00	4.716098e+00	-5.482390e+00	5.201717e+00	6.700301e+00	-5.166948e+00	7.217570e+00	6.985884e+00	-8.029456e+00	-5.230712e+00	
1.094129e+01	7.692761e+00	-8.312497e+00	8.705688e+00	9.151604e+00	-8.747565e+00	8.605407e+00	9.967575e+00	-9.616401e+00	-1.094067e+01	
1.044970e+01	1.099955e+01	-1.039336e+01	1.154912e+01	1.062634e+01	-1.228735e+01	1.176678e+01	1.181164e+01	-9.995806e+00	-1.304798e+01	
1.379107e+01	1.139509e+01	-1.412608e+01	1.249216e+01	1.036328e+01	-1.044741e+01	9.161407e+00	8.413415e+00	-9.737646e+00	-6.900236e+00	
8.031492e+00	9.468168e+00	-6.301141e+00	8.239077e+00	8.639014e+00	-7.888520e+00	6.193963e+00	7.983269e+00	-8.340973e+00	-8.270704e+00	
5.982495e+00	5.347073e+00	-5.742186e+00	4.885421e+00	4.146288e+00	-5.923669e+00	5.067744e+00	5.464615e+00	-5.062780e+00	-5.671782e+00	
6.548003e+00	6.878573e+00	-6.093235e+00	7.120237e+00	7.825052e+00	-6.744159e+00	1.440648e+01	1.454321e+01	-1.387268e+01	-1.195197e+01	
4.204710e+00	6.319336e+00	-6.215237e+00	6.018654e+00	5.761732e+00	-5.416851e+00	4.967501e+00	4.221140e+00	-3.315066e+00	-4.115746e+00	
1.059219e+01	7.864419e+00	-1.093783e+01	1.025615e+01	9.556330e+00	-9.816330e+00	1.578176e+01	1.640918e+01	-1.431575e+01	-1.457966e+01	
9.359275e+00	9.218655e+00	-9.872629e+00	9.093467e+00	8.095914e+00	-1.123921e+01	7.096326e+00	7.751407e+00	-5.457522e+00	-4.347260e+00	
1.411701e+01	1.415841e+01	-1.369516e+01	1.523454e+01	1.277861e+01	-1.356009e+01	1.112982e+01	1.006826e+01	-1.128586e+01	-1.107418e+01	
9.525245e+00	1.005855e+01	-1.013452e+01	8.139996e+00	9.238481e+00	-1.036054e+01	7.473016e+00	1.007452e+01	-1.135549e+01	-8.766718e+00	
7.185935e+00	7.262629e+00	-8.361048e+00	8.615226e+00	8.481086e+00	-6.803029e+00	1.205585e+01	1.225103e+01	-1.083034e+01	-1.113050e+01	
8.759856e+00	7.483996e+00	-8.208714e+00	8.021967e+00	9.450903e+00	-7.736990e+00	1.141096e+01	1.093916e+01	-9.307251e+00	-1.041098e+01	
9.865314e+00	6.888628e+00	-6.836636e+00	7.649297e+00	5.227422e+00	-5.662813e+00	1.049705e+01	1.191212e+01	-1.106802e+01	-1.141164e+01	
1.169844e+01	1.241189e+01	-1.240439e+01	1.103506e+01	9.665445e+00	-1.090116e+01	1.467316e+01	1.336386e+01	-1.284870e+01	-1.460638e+01	
7.333274e+00	6.619403e+00	-6.549685e+00	5.623202e+00	6.780392e+00	-1.005501e+01	4.267565e+00	2.818673e+00	-5.008325e+00	-5.570069e+00	
6.659018e+00	4.915380e+00	-6.530744e+00	6.847647e+00	6.595211e+00	-6.285248e+00	6.254451e+00	5.564020e+00	-5.877920e+00	-6.042054e+00	
1.346380e+01	1.236467e+01	-1.456439e+01	1.364242e+01	1.312680e+01	-1.420461e+01	1.495694e+01	1.364027e+01	-1.448450e+01	-1.641702e+01	
9.396304e+00	9.237854e+00	-8.477302e+00	6.898448e+00	7.648789e+00	-8.181267e+00	7.159218e+00	5.425605e+00	-4.568389e+00	-4.536657e+00	
1.013574e+01	7.721643e+00	-1.027551e+01	8.546740e+00	8.960270e+00	-8.822993e+00	7.551750e+00	6.539532e+00	-6.179638e+00	-7.701070e+00	
1.060102e+01	1.187458e+01	-1.213168e+01	1.330003e+01	1.180824e+01	-1.277400e+01	1.281084e+01	1.337095e+01	-1.082132e+01	-1.288234e+01	
1.093843e+01	1.164712e+01	-1.246601e+01	1.251494e+01	1.334851e+01	-1.183013e+01	1.528674e+01	1.353522e+01	-1.407267e+01	-1.440845e+01	
1.142001e+01	1.112780e+01	-1.136650e+01	1.094276e+01	1.039947e+01	-1.206332e+01	1.488314e+01	1.289165e+01	-1.306314e+01	-1.387769e+01	
9.672664e+00	8.854047e+00	-1.099486e+01	1.036838e+01	9.583861e+00	-9.020570e+00	1.299438e+01	1.118463e+01	-1.370962e+01	-1.255822e+01	
1.591355e+01	1.673419e+01	-1.330573e+01	1.501575e+01	1.436404e+01	-1.511991e+01	1.553684e+01	1.604238e+01	-1.508177e+01	-1.332154e+01	
8.125970e+00	9.657822e+00	-8.975007e+00	1.063946e+01	8.781792e+00	-6.921640e+00	5.251726e+00	8.043511e+00	-7.398211e+00	-5.746505e+00	
1.316197e+01	1.259163e+01	-1.292409e+01	1.296721e+01	1.362513e+01	-1.435351e+01	1.412454e+01	1.462015e+01	-1.331153e+01	-1.388809e+01	
3.525245e+00	4.535101e+00	-7.275315e+00	5.381599e+00	6.194767e+00	-3.344796e+00	1.125391e+01	1.019040e+01	-1.171158e+01	-1.079981e+01	
9.077367e+00	8.115244e+00	-7.811113e+00	7.560437e+00	7.506877e+00	-6.833501e+00	9.447021e+00	9.931410e+00	-1.101250e+01	-9.374935e+00	
1.077567e+01	1.143245e+01	-1.280188e+01	1.117917e+01	1.382496e+01	-9.845455e+00	1.077891e+01	1.034920e+01	-9.084582e+00	-9.521637e+00	
1.459562e+01	1.475946e+01	-1.534173e+01	1.379243e+01	1.605873e+01	-1.411880e+01	5.202818e+00	5.060916e+00	-5.686395e+00	-6.802433e+00	
9.958021e+00	1.141498e+01	-1.080936e+01	9.945906e+00	9.530836e+00	-9.950959e+00	7.391563e+00	5.541531e+00	-8.312155e+00	-7.553220e+00	
1.260480e+01	1.337438e+01	-1.411884e+01	1.180952e+01	1.175082e+01	-1.217191e+01	1.390125e+01	1.215764e+01	-1.258161e+01	-1.474474e+01	
1.475395e+01	1.285501e+01	-1.281134e+01	1.216283e+01	1.409392e+01	-1.334052e+01	8.202995e+00	6.402189e+00	-7.684289e+00	-7.705012e+00	
1.027368e+01	9.350068e+00	-9.680988e+00	9.841933e+00	1.021260e+01	-9.962294e+00	5.956530e+00	5.534977e+00	-6.423732e+00	-5.370107e+00	
6.226426e+00	5.841550e+00	-7.666067e+00	5.820374e+00	6.008026e+00	-5.973787e+00	1.356331e+01	1.492591e+01	-1.243179e+01	-1.275618e+01	
1.041999e+01	1.103030e+01	-1.163151e+01	1.111054e+01	1.265182e+01	-1.122882e+01	1.068029e+01	1.278849e+01	-1.053798e+01	-1.193645e+01	
1.305385e+01	1.321788e+01	-1.349765e+01	1.395748e+01	1.522173e+01	-1.535642e+01	1.031379e+01	1.106118e+01	-1.091166e+01	-1.002609e+01	
1.006630e+01	9.074679e+00	-8.481791e+00	8.304952e+00	9.969943e+00	-8.941724e+00	1.193368e+01	1.266778e+01	-1.179026e+01	-1.168720e+01	
9.921058e+00	7.997120e+00	-9.743107e+00	8.030262e+00	1.074010e+01	-9.353263e+00	6.382794e+00	5.641004e+00	-4.317001e+00	-6.307823e+00	
1.437496e+01	1.407220e+01	-1.183061e+01	1.295138e+01	1.236106e+01	-1.363475e+01	8.015563e+00	8.396022e+00	-8.653738e+00	-1.028322e+01	
1.352504e+01	1.474992e+01	-1.495580e+01	1.407772e+01	1.496031e+01	-1.448510e+01	1.454110e+01	1.608841e+01	-1.523824e+01	-1.556412e+01	
9.061690e+00	1.030167e+01	-9.710516e+00	9.603822e+00	1.018446e+01	-9.390968e+00	5.792695e+00	6.203904e+00	-7.249320e+00	-5.183775e+00	
1.401866e+01	1.497823e+01	-1.328291e+01	1.367930e+01	1.490927e+01	-1.520042e+01	9.277836e+00	9.056805e+00	-7.877848e+00	-7.492469e+00	
6.941802e+00	6.626555e+00	-7.675136e+00	5.918937e+00	4.278361e+00	-6.637615e+00	1.173257e+01	1.242639e+01	-1.214502e+01	-1.169242e+01	
1.162208e+01	1.054296e+01	-9.464109e+00	9.595464e+00	1.191099e+01	-1.098814e+01	1.348951e+01	1.479517e+01	-1.432238e+01	-1.584354e+01	
1.209775e+01	1.250789e+01	-1.295436e+01	1.366237e+01	1.417437e+01	-1.218423e+01	1.291084e+01	1.460573e+01	-1.474090e+01	-1.345201e+01	
1.163592e+01	1.177440e+01	-1.328358e+01	1.135365e+01	1.214166e+01	-1.278826e+01	6.394979e+00	6.891868e+00	-7.217603e+00	-5.121838e+00	
8.196882e+00	7.316284e+00	-6.511143e+00	7.711206e+00	7.807211e+00	-8.390810e+00	9.870830e+00	1.019474e+01	-1.214505e+01	-1.194951e+01	
1.145609e+01	1.032371e+01	-1.110622e+01	1.037398e+01	1.195765e+01	-1.260144e+01	1.504868e+01	1.468733e+01	-1.341614e+01	-1.476785e+01	
1.017431e+01	1.013212e+01	-1.043263e+01	1.092955e+01	7.924398e+00	-1.010052e+01	5.481820e+00	5.158934e+00	-6.536595e+00	-5.389603e+00	
1.009497e+01	1.215568e+01	-1.076519e+01	1.110885e+01	1.026120e+01	-1.019185e+01	6.059108e+00	8.982492e+00	-7.807195e+00	-8.395734e+00	
9.299812e+00	6.360943e+00	-8.029322e+00	7.730595e+00	9.321953e+00	-7.210453e+00	6.565090e+00	6.206572e+00	-4.735007e+00	-4.166414e+00	
1.053803e+01	1.004763e+01	-1.266216e+01	1.023486e+01	1.051865e+01	-1.071711e+01	8.767528e+00	1.022064e+01	-8.901881e+00	-9.014299e+00	
7.636443e+00	7.897126e+00	-5.873274e+00	8.865081e+00	6.311320e+00	-5.751928e+00	8.490092e+00	1.204680e+01	-9.276303e+00	-9.914318e+00	
7.587752e+00	7.549592e+00	-9.313422e+00	6.826491e+00	7.421726e+00	-7.640382e+00	1.107316e+01	1.380280e+01	-1.361656e+01	-1.233112e+01	
8.350261e+00	9.870228e+00	-9.146310e+00	7.143076e+00	6.621660e+00	-8.415231e+00	1.280020e+01	1.286417e+01	-1.377452e+01	-1.381598e+01	
1.103581e+01	1.322820e+01	-1.052802e+01	1.262044e+01	1.042057e+01	-1.322896e+01	1.320247e+01	1.321986e+01	-1.457579e+01	-1.436140e+01	
1.220406e+01	1.372695e+01	-1.250808e+01	1.309025e+01	1.207046e+01	-1.422680e+01	1.388630e+01	1.146371e+01	-1.344071e+01	-1.300531e+01	
7.437098e+00	6.369397e+00	-5.311577e+00	6.221115e+00	7.260062e+00	-5.046642e+00	7.217431e+00	6.146405e+00	-5.684156e+00	-3.760576e+00	
8.207230e+00	5.607526e+00	-6.853704e+00	7.074211e+00	7.430748e+00	-7.947451e+00	8.643626e+00	9.398178e+00	-8.595719e+00	-1.060035e+01	
1.176711e+01	1.370466e+01	-1.151931e+01	1.185595e+01	1.316959e+01	-1.300045e+01	1.397252e+01	1.145966e+01	-1.313025e+01	-1.190093e+01	
1.110809e+01	1.043862e+01	-9.972160e+00	1.109705e+01	1.185273e+01	-1.211641e+01	1.309696e+01	1.371842e+01	-1.335352e+01	-1.508090e+01	
1.165989e+01	1.124900e+01	-1.235996e+01	1.209030e+01	9.419183e+00	-1.268247e+01	1.391003e+01	1.362057e+01	-1.445055e+01	-1.263669e+01	
8.168259e+00	6.072649e+00	-7.913716e+00	6.724925e+00	6.006015e+00	-6.924876e+00	9.756638e+00	9.291641e+00	-9.727916e+00	-1.037820e+01	
8.107983e+00	6.495114e+00	-6.896815e+00	6.219596e+00	6.592788e+00	-6.071386e+00	8.556609e+00	9.328431e+00	-8.581774e+00	-7.882775e+00	
6.999216e+00	5.226643e+00	-4.559358e+00	6.183058e+00	4.983987e+00	-3.667883e+00	9.270502e+00	9.299647e+00	-9.306703e+00	-9.044145e+00	
1.372589e+01	1.188615e+01	-1.129590e+01	1.201732e+01	1.310790e+01	-1.234103e+01	9.893733e+00	8.416803e+00	-9.622863e+00	-9.835382e+00	
1.364462e+01	1.559074e+01	-1.362204e+01	1.391287e+01	1.240281e+01	-1.388901e+01	6.081671e+00	7.779850e+00	-7.171238e+00	-6.330783e+00	
6.687790e+00	7.373958e+00	-7.971991e+00	4.918430e+00	7.220399e+00	-7.538104e+00	8.821090e+00	9.862246e+00	-9.293531e+00	-9.146939e+00	
1.240519e+01	1.174307e+01	-1.262110e+01	1.524994e+01	1.398394e+01	-1.271190e+01	8.920781e+00	8.792809e+00	-1.054870e+01	-1.376085e+01	
1.257139e+01	1.425137e+01	-1.332622e+01	1.231910e+01	1.382444e+01	-1.289297e+01	1.002804e+01	1.152086e+01	-1.114331e+01	-9.172824e+00	
6.192339e+00	7.141173e+00	-5.470413e+00	6.608165e+00	7.091413e+00	-5.964422e+00	6.685639e+00	5.612516e+00	-3.637075e+00	-5.476734e+00	
9.050872e+00	1.092481e+01	-1.034217e+01	1.122903e+01	9.730076e+00	-1.138015e+01	7.507096e+00	6.992137e+00	-5.306493e+00	-7.626314e+00	
1.173940e+01	1.197845e+01	-1.058105e+01	9.554654e+00	1.030191e+01	-1.000196e+01	1.246221e+01	1.291950e+01	-1.210537e+01	-1.368172e+01	
7.689087e+00	6.451773e+00	-7.798688e+00	5.956634e+00	6.692890e+00	-6.856322e+00	6.640634e+00	3.937579e+00	-4.723809e+00	-4.545740e+00	
1.480711e+01	1.597643e+01	-1.420063e+01	1.614572e+01	1.596223e+01	-1.240194e+01	3.578612e+00	5.866784e+00	-6.537268e+00	-7.622258e+00	
1.402006e+01	1.469438e+01	-1.334975e+01	1.264986e+01	1.174236e+01	-1.333677e+01	9.532950e+00	1.002836e+01	-1.047323e+01	-1.097601e+01	
8.296613e+00	9.544524e+00	-9.336412e+00	8.931628e+00	1.010402e+01	-6.886102e+00	1.091625e+01	1.071130e+01	-1.006389e+01	-9.938819e+00	
6.409004e+00	5.278025e+00	-5.586175e+00	5.149349e+00	4.726474e+00	-7.383322e+00	7.737863e+00	9.411301e+00	-7.256324e+00	-6.966258e+00	
9.552274e+00	1.017465e+01	-1.100725e+01	1.104759e+01	1.058873e+01	-1.066080e+01	1.449935e+01	1.275154e+01	-1.363782e+01	-1.355680e+01	
1.001832e+01	9.889153e+00	-1.076943e+01	1.065988e+01	1.111887e+01	-1.222948e+01	1.043722e+01	1.048349e+01	-8.510893e+00	-8.437738e+00	
1.597005e+01	1.375271e+01	-1.629373e+01	1.786053e+01	1.501295e+01	-1.535722e+01	6.812607e+00	6.873691e+00	-8.874709e+00	-7.520231e+00	
1.003779e+01	1.037922e+01	-1.044795e+01	8.850510e+00	1.078462e+01	-9.000236e+00	4.830091e+00	6.861608e+00	-5.079166e+00	-6.042470e+00	
6.882808e+00	7.906017e+00	-8.580141e+00	7.369490e+00	9.474774e+00	-8.144581e+00	1.022016e+01	9.965531e+00	-1.060511e+01	-1.148008e+01	
1.213473e+01	1.099528e+01	-1.269753e+01	1.147156e+01	1.247627e+01	-1.110981e+01	9.056900e+00	8.821923e+00	-7.974734e+00	-8.328549e+00	
6.006129e+00	4.580213e+00	-6.059753e+00	5.550367e+00	5.013024e+00	-6.297279e+00	6.589505e+00	6.264977e+00	-8.158083e+00	-6.079228e+00	
1.271874e+01	1.432220e+01	-1.276554e+01	1.262435e+01	1.219967e+01	-1.354384e+01	9.485707e+00	9.932932e+00	-9.037787e+00	-9.578721e+00	
1.551350e+01	1.370609e+01	-1.317208e+01	1.503872e+01	1.412700e+01	-1.415504e+01	8.057388e+00	5.381722e+00	-7.151637e+00	-7.116239e+00	
4.661583e+00	7.845064e+00	-6.221956e+00	6.855632e+00	9.679289e+00	-7.940938e+00	3.907437e+00	5.073031e+00	-5.112934e+00	-4.536366e+00	
7.563241e+00	6.786190e+00	-7.426339e+00	8.046307e+00	6.296928e+00	-7.784340e+00	5.670859e+00	7.943645e+00	-6.541069e+00	-6.364034e+00	
1.306206e+01	1.252562e+01	-1.220251e+01	1.040668e+01	1.301157e+01	-1.179768e+01	1.007423e+01	1.084303e+01	-1.086039e+01	-1.009215e+01	
1.437155e+01	1.295386e+01	-1.305493e+01	1.330893e+01	1.444401e+01	-1.538577e+01	1.128514e+01	1.422844e+01	-1.106816e+01	-1.316647e+01	
1.383326e+01	1.381160e+01	-1.454492e+01	1.508747e+01	1.411814e+01	-1.225148e+01	1.138749e+01	1.101132e+01	-1.118265e+01	-1.149186e+01	
4.415247e+00	6.434111e+00	-5.483783e+00	7.428351e+00	7.001740e+00	-5.764694e+00	1.030779e+01	9.475687e+00	-9.570850e+00	-8.511901e+00	
4.609038e+00	5.281782e+00	-7.904433e+00	7.351479e+00	6.128520e+00	-6.989695e+00	5.626123e+00	3.870521e+00	-6.106982e+00	-6.006114e+00	
7.729590e+00	8.931372e+00	-7.896734e+00	8.428917e+00	9.212094e+00	-6.096900e+00	1.447843e+01	1.142707e+01	-1.248119e+01	-1.425795e+01	
5.142597e+00	7.628169e+00	-6.750359e+00	8.954594e+00	6.664689e+00	-5.269875e+00	6.191363e+00	6.057779e+00	-7.120725e+00	-6.176540e+00	
8.226574e+00	9.574138e+00	-5.900707e+00	6.302534e+00	8.404983e+00	-8.712338e+00	4.074008e+00	5.258866e+00	-5.627351e+00	-5.104367e+00	
4.793602e+00	6.110707e+00	-5.505107e+00	4.748261e+00	6.884810e+00	-7.845959e+00	9.565759e+00	8.896474e+00	-9.625294e+00	-1.095065e+01	
7.445483e+00	6.995567e+00	-6.308242e+00	7.442333e+00	6.860900e+00	-8.395444e+00	1.003825e+01	1.104286e+01	-1.053842e+01	-9.242287e+00	
5.721160e+00	5.440489e+00	-6.448807e+00	4.749474e+00	6.082944e+00	-5.022152e+00	7.288741e+00	8.426270e+00	-7.950082e+00	-7.715644e+00	
7.723225e+00	9.302954e+00	-9.227898e+00	1.176345e+01	7.597029e+00	-9.255974e+00	5.184105e+00	3.770025e+00	-4.064667e+00	-4.399923e+00	
1.073950e+01	1.033848e+01	-1.099374e+01	1.049046e+01	1.158890e+01	-1.137177e+01	4.594786e+00	5.210339e+00	-4.629309e+00	-3.999187e+00	
8.960918e+00	9.685649e+00	-7.057301e+00	9.454036e+00	8.362297e+00	-8.914728e+00	9.129517e+00	1.017615e+01	-7.943709e+00	-7.520557e+00	
1.202125e+01	1.274471e+01	-1.210733e+01	1.297386e+01	1.052453e+01	-1.142709e+01	8.547922e+00	9.307789e+00	-8.564112e+00	-9.176840e+00	
1.147027e+01	9.449756e+00	-1.035943e+01	1.253751e+01	1.096756e+01	-1.205874e+01	7.158680e+00	5.421047e+00	-6.750223e+00	-7.193521e+00	
1.130759e+01	1.046241e+01	-1.072879e+01	8.797642e+00	9.743643e+00	-1.041468e+01	8.609971e+00	1.031316e+01	-1.086955e+01	-9.219314e+00	
8.001873e+00	5.290217e+00	-6.691488e+00	4.921525e+00	7.068544e+00	-7.546661e+00	9.551278e+00	1.183243e+01	-9.586052e+00	-1.116544e+01	
8.212912e+00	8.635708e+00	-6.821697e+00	6.348534e+00	7.417636e+00	-5.771033e+00	1.106509e+01	1.108865e+01	-1.208215e+01	-1.357010e+01	
9.125362e+00	6.690949e+00	-5.147535e+00	5.546348e+00	7.932636e+00	-8.330677e+00	8.707564e+00	9.278243e+00	-8.367387e+00	-9.111752e+00	
5.312562e+00	5.752642e+00	-7.282252e+00	7.573785e+00	6.601644e+00	-6.048261e+00	7.111106e+00	8.226901e+00	-7.627077e+00	-8.886139e+00	
5.412495e+00	6.471381e+00	-6.341533e+00	6.515860e+00	5.786439e+00	-6.650995e+00	1.331714e+01	1.497363e+01	-1.478024e+01	-1.382997e+01	
1.173501e+01	8.240019e+00	-1.143444e+01	1.250960e+01	1.144032e+01	-1.015025e+01	8.002678e+00	7.715415e+00	-7.399715e+00	-5.778571e+00	
1.291950e+01	1.400030e+01	-1.425162e+01	1.429184e+01	1.166630e+01	-1.577032e+01	8.092513e+00	8.580316e+00	-6.976030e+00	-8.131766e+00	
9.657833e+00	1.055020e+01	-1.122439e+01	1.038961e+01	1.292325e+01	-1.203076e+01	1.254294e+01	1.218786e+01	-1.212938e+01	-1.071609e+01	
7.086768e+00	5.246657e+00	-6.954038e+00	6.704125e+00	4.716327e+00	-4.682528e+00	6.965203e+00	6.628293e+00	-6.054557e+00	-6.056169e+00	
1.302909e+01	1.219256e+01	-1.212018e+01	1.367783e+01	1.114588e+01	-1.129600e+01	1.304310e+01	1.060736e+01	-1.038608e+01	-1.070116e+01	
1.231118e+01	1.086913e+01	-1.022678e+01	8.009577e+00	1.023176e+01	-9.721722e+00	1.369975e+01	1.550056e+01	-1.410036e+01	-1.390433e+01	
4.636219e+00	5.224258e+00	-5.019957e+00	3.491453e+00	3.974827e+00	-5.720209e+00	8.265553e+00	6.988230e+00	-7.400618e+00	-6.678038e+00	
6.791853e+00	7.306911e+00	-8.316948e+00	6.804049e+00	9.555577e+00	-7.978633e+00	7.994563e+00	8.433352e+00	-9.879212e+00	-9.288623e+00	
1.187713e+01	1.068474e+01	-1.060979e+01	1.086076e+01	1.020150e+01	-1.258276e+01	6.871448e+00	5.437354e+00	-7.166992e+00	-6.794979e+00	
4.131708e+00	5.593847e+00	-4.738973e+00	6.940580e+00	3.291370e+00	-4.512912e+00	1.193685e+01	1.202369e+01	-1.266141e+01	-1.186485e+01	
9.277482e+00	9.152827e+00	-7.560580e+00	9.024145e+00	8.515306e+00	-9.799572e+00	8.805267e+00	8.183898e+00	-8.268968e+00	-7.615904e+00	
7.789559e+00	9.613900e+00	-8.449858e+00	8.916890e+00	7.361531e+00	-6.679067e+00	9.330186e+00	8.736268e+00	-9.529679e+00	-8.311606e+00	
1.261146e+01	1.430115e+01	-1.337230e+01	1.138773e+01	1.392451e+01	-1.180472e+01	6.158624e+00	5.702868e+00	-7.354827e+00	-8.158020e+00	
1.120137e+01	1.173587e+01	-1.154120e+01	1.144011e+01	1.151339e+01	-1.099071e+01	9.640308e+00	6.411658e+00	-7.408794e+00	-8.610604e+00	
1.096870e+01	1.210344e+01	-1.172872e+01	1.113675e+01	1.026770e+01	-1.155595e+01	1.079042e+01	1.418216e+01	-1.154713e+01	-1.292234e+01	
9.548419e+00	9.618225e+00	-9.318515e+00	9.940529e+00	1.051233e+01	-1.175404e+01	7.637564e+00	6.194762e+00	-8.523052e+00	-7.061136e+00	
1.511117e+01	1.476593e+01	-1.648678e+01	1.224634e+01	1.320455e+01	-1.491152e+01	8.803527e+00	9.725504e+00	-1.133493e+01	-9.303536e+00	
7.288252e+00	8.235380e+00	-8.204505e+00	6.487702e+00	8.553543e+00	-8.337171e+00	8.444232e+00	8.192466e+00	-8.250374e+00	-9.153192e+00	
1.432027e+01	1.440404e+01	-1.535574e+01	1.527035e+01	1.430033e+01	-1.390556e+01	9.167599e+00	7.976054e+00	-9.539244e+00	-7.833019e+00	
1.066662e+01	1.345654e+01	-1.241748e+01	1.255199e+01	1.364137e+01	-1.195734e+01	7.000833e+00	9.059308e+00	-1.155105e+01	-1.201434e+01	
1.157927e+01	9.621730e+00	-1.075541e+01	9.742435e+00	9.513350e+00	-1.035520e+01	4.295058e+00	5.377023e+00	-4.858890e+00	-4.875434e+00	
1.136998e+01	1.109157e+01	-1.123553e+01	1.090613e+01	1.152735e+01	-1.019342e+01	7.846832e+00	7.269168e+00	-9.015574e+00	-7.576524e+00	
1.057632e+01	1.341901e+01	-1.144714e+01	1.130873e+01	1.106828e+01	-1.127226e+01	6.093723e+00	5.369016e+00	-5.920290e+00	-4.973444e+00	
9.672668e+00	1.043551e+01	-1.005761e+01	8.766375e+00	8.219081e+00	-8.107763e+00	1.115482e+01	1.039728e+01	-1.279309e+01	-1.220008e+01	
7.631952e+00	8.598558e+00	-7.320700e+00	8.458187e+00	8.311322e+00	-8.837071e+00	1.363608e+01	1.442338e+01	-1.231923e+01	-1.248745e+01	
1.363795e+01	1.468200e+01	-1.445662e+01	1.504196e+01	1.268627e+01	-1.282377e+01	8.601212e+00	9.570380e+00	-9.799710e+00	-8.618260e+00	
4.693029e+00	4.970056e+00	-5.606101e+00	4.869713e+00	5.815124e+00	-4.492492e+00	1.433933e+01	1.599683e+01	-1.572038e+01	-1.455528e+01	
9.221409e+00	1.058747e+01	-1.279604e+01	1.008290e+01	1.043370e+01	-1.265140e+01	5.928668e+00	5.670361e+00	-5.991897e+00	-6.757088e+00	
1.093805e+01	1.006616e+01	-1.138418e+01	1.160871e+01	9.477083e+00	-1.110402e+01	6.100698e+00	7.289450e+00	-8.466538e+00	-7.500287e+00	
5.278159e+00	5.739656e+00	-5.799445e+00	3.770085e+00	4.071965e+00	-7.057251e+00	1.078974e+01	1.091268e+01	-1.144100e+01	-9.397448e+00	
9.625065e+00	9.080149e+00	-8.462066e+00	9.382437e+00	7.720607e+00	-7.565624e+00	1.375707e+01	1.489436e+01	-1.289981e+01	-1.417789e+01	
1.158667e+01	9.235544e+00	-9.918043e+00	9.240926e+00	9.284454e+00	-9.868985e+00	1.139668e+01	1.086602e+01	-1.153853e+01	-9.125846e+00	
7.318092e+00	7.991215e+00	-1.029396e+01	6.336000e+00	1.113330e+01	-9.730651e+00	1.101729e+01	1.019443e+01	-1.117137e+01	-1.021762e+01	
7.099000e+00	5.804785e+00	-5.287814e+00	4.683560e+00	6.474035e+00	-6.030471e+00	1.639076e+01	1.382517e+01	-1.277073e+01	-1.476216e+01	
1.406130e+01	1.402192e+01	-1.585198e+01	1.601191e+01	1.480146e+01	-1.538187e+01	1.279236e+01	1.374561e+01	-1.286873e+01	-1.240056e+01	
7.720657e+00	7.597845e+00	-8.781919e+00	7.868485e+00	9.017558e+00	-6.923730e+00	4.913385e+00	8.201263e+00	-5.165368e+00	-6.354776e+00	
1.177667e+01	1.288130e+01	-1.142308e+01	9.647374e+00	1.178716e+01	-1.067278e+01	5.813067e+00	8.413215e+00	-7.330974e+00	-7.972106e+00	
7.513672e+00	9.138623e+00	-7.664988e+00	7.809557e+00	9.003786e+00	-1.032287e+01	1.364480e+01	1.182571e+01	-1.214156e+01	-1.251436e+01	
5.458401e+00	6.982997e+00	-5.297133e+00	3.527313e+00	6.995764e+00	-5.597086e+00	1.450006e+01	1.285342e+01	-1.296382e+01	-1.274067e+01	
1.302280e+01	1.271571e+01	-1.226889e+01	1.183277e+01	1.312165e+01	-1.363571e+01	7.146597e+00	9.218541e+00	-8.854243e+00	-8.831239e+00	
1.466245e+01	1.535074e+01	-1.503327e+01	1.421112e+01	1.269433e+01	-1.437227e+01	1.495961e+01	1.297446e+01	-1.425512e+01	-1.475671e+01	
1.354082e+01	1.319800e+01	-1.186543e+01	1.054402e+01	1.177910e+01	-1.297311e+01	1.071752e+01	1.151804e+01	-1.100923e+01	-1.097455e+01	
1.377137e+01	1.187374e+01	-1.223453e+01	1.303286e+01	1.100166e+01	-1.234928e+01	1.198407e+01	9.046587e+00	-1.088145e+01	-1.126113e+01	
5.133910e+00	4.956118e+00	-5.781314e+00	7.371976e+00	7.058744e+00	-5.811603e+00	1.493608e+01	1.500839e+01	-1.574338e+01	-1.485898e+01	
5.699693e+00	7.163792e+00	-5.183427e+00	5.967102e+00	6.104237e+00	-4.357290e+00	8.932393e+00	8.415646e+00	-8.785017e+00	-7.754754e+00	
9.884112e+00	1.068888e+01	-9.939633e+00	1.069709e+01	9.618596e+00	-8.440802e+00	1.279979e+01	1.254419e+01	-1.359378e+01	-1.259633e+01	
7.597009e+00	7.813182e+00	-8.145521e+00	9.293873e+00	9.029871e+00	-6.247074e+00	7.856115e+00	8.045389e+00	-7.922631e+00	-7.133572e+00	
1.108292e+01	1.197491e+01	-1.364987e+01	1.279007e+01	1.341462e+01	-1.104034e+01	1.175451e+01	1.207114e+01	-1.288233e+01	-1.317530e+01	
5.404090e+00	6.331873e+00	-5.373983e+00	2.659968e+00	5.337199e+00	-4.852427e+00	1.365852e+01	1.229614e+01	-1.209284e+01	-1.237538e+01	
1.667692e+01	1.479145e+01	-1.537602e+01	1.376665e+01	1.469476e+01	-1.443896e+01	6.165968e+00	6.582063e+00	-5.393463e+00	-6.779567e+00	
6.376091e+00	6.361654e+00	-6.248476e+00	5.022102e+00	5.695088e+00	-5.423890e+00	6.332865e+00	7.902811e+00	-7.280865e+00	-6.168292e+00	
5.881686e+00	6.165330e+00	-8.543720e+00	6.161684e+00	7.464064e+00	-7.336584e+00	1.038660e+01	1.083130e+01	-9.441008e+00	-9.028084e+00	
1.286383e+01	1.465160e+01	-1.368842e+01	1.529849e+01	1.517297e+01	-1.484774e+01	1.241921e+01	1.273672e+01	-1.217578e+01	-1.036253e+01	
1.348175e+01	1.456801e+01	-1.416135e+01	1.303892e+01	1.417302e+01	-1.240422e+01	1.212305e+01	1.314971e+01	-1.364353e+01	-1.344385e+01	
4.469131e+00	4.926711e+00	-7.012312e+00	4.861921e+00	4.593856e+00	-6.162506e+00	7.410410e+00	8.899014e+00	-7.732045e+00	-7.306219e+00	
1.265785e+01	1.380170e+01	-1.208880e+01	1.242020e+01	1.075784e+01	-1.282030e+01	9.605738e+00	1.020941e+01	-1.224488e+01	-1.188174e+01	
1.310504e+01	1.248790e+01	-1.213768e+01	1.516055e+01	1.464452e+01	-1.272708e+01	1.322699e+01	1.119198e+01	-1.146176e+01	-1.166814e+01	
8.016676e+00	8.176808e+00	-8.876661e+00	7.454473e+00	6.303909e+00	-8.581912e+00	1.066329e+01	1.128356e+01	-1.146394e+01	-1.078523e+01	
1.305664e+01	1.050087e+01	-1.136330e+01	1.192655e+01	1.347673e+01	-1.116602e+01	1.370272e+01	1.432099e+01	-1.354072e+01	-1.651275e+01	
6.534776e+00	9.607182e+00	-9.380930e+00	9.939304e+00	7.808904e+00	-7.814018e+00	7.195383e+00	7.051832e+00	-7.529935e+00	-6.670252e+00	
6.053257e+00	7.517037e+00	-7.871889e+00	6.843064e+00	8.311765e+00	-8.723030e+00	8.124844e+00	8.897941e+00	-8.159804e+00	-1.077040e+01	
7.413150e+00	8.722999e+00	-8.933746e+00	1.004571e+01	8.878335e+00	-8.060634e+00	6.334533e+00	4.639466e+00	-7.938210e+00	-7.216334e+00	
1.155331e+01	1.243796e+01	-1.274415e+01	1.095368e+01	1.162806e+01	-1.286238e+01	7.285401e+00	6.816174e+00	-6.048305e+00	-7.053983e+00	
9.923216e+00	1.134547e+01	-1.165346e+01	9.894930e+00	1.077701e+01	-1.287483e+01	7.751897e+00	9.013188e+00	-6.329241e+00	-7.392657e+00	
1.093523e+01	1.115856e+01	-1.051764e+01	1.091559e+01	1.225356e+01	-1.240826e+01	7.603222e+00	6.496213e+00	-5.390782e+00	-4.855992e+00	
6.877852e+00	6.818029e+00	-3.760688e+00	5.566355e+00	5.669174e+00	-8.626489e+00	9.906710e+00	1.036137e+01	-1.017753e+01	-1.086290e+01	
8.056457e+00	8.988169e+00	-1.014313e+01	1.015004e+01	9.771940e+00	-8.825163e+00	1.326629e+01	1.479270e+01	-1.273606e+01	-1.331736e+01	
1.436587e+01	1.466558e+01	-1.419560e+01	1.310978e+01	1.446462e+01	-1.571931e+01	1.009184e+01	1.184393e+01	-1.148056e+01	-1.051587e+01	
1.062513e+01	9.001483e+00	-1.010490e+01	1.056813e+01	1.141085e+01	-1.015649e+01	1.129242e+01	1.363099e+01	-1.163366e+01	-1.225244e+01	
1.375466e+01	1.591521e+01	-1.266768e+01	1.439884e+01	1.317164e+01	-1.142006e+01	1.085825e+01	9.958351e+00	-1.096999e+01	-1.266939e+01	
8.556924e+00	8.125322e+00	-7.269024e+00	6.778098e+00	7.587524e+00	-6.712173e+00	1.101141e+01	1.053930e+01	-1.247366e+01	-1.092055e+01	
1.025812e+01	1.033127e+01	-1.229668e+01	1.220472e+01	1.207064e+01	-1.259796e+01	7.090017e+00	5.874596e+00	-7.005894e+00	-6.794470e+00	
