15.633931159973145
1.7278434038162231
8.381253242492676
41.14576721191406
37.696651458740234
19.993921279907227
25.721651077270508
33.70216751098633
40.82293701171875
56.92679977416992
39.4657096862793
14.12316608428955
31.575748443603516
99.00552368164062
51.12704849243164
113.40332794189453
42.635406494140625
62.14665603637695
45.795166015625
29.392719268798828
46.59064483642578
33.86880874633789
43.5864372253418
72.73359680175781
50.95633316040039
198.7863006591797
50.94940185546875
58.95954513549805
35.970741271972656
104.75463104248047
56.270423889160156
25.503936767578125
18.293153762817383
80.02986145019531
56.34359359741211
234.3028106689453
60.76015853881836
63.1280403137207
40.78385543823242
94.46387481689453
40.742061614990234
31.24809455871582
26.98768424987793
66.66847229003906
44.411163330078125
72.40999603271484
34.71225357055664
54.164146423339844
55.72439956665039
56.39334487915039
35.73223876953125
42.637474060058594
31.326087951660156
65.0445556640625
42.91066360473633
114.20621490478516
29.934804916381836
41.69310760498047
34.38638687133789
57.059104919433594
47.97829055786133
31.20331382751465
45.113441467285156
75.81879425048828
43.70989990234375
103.2978286743164
30.646556854248047
45.846500396728516
61.12104415893555
59.21396255493164
50.898277282714844
36.3420524597168
49.0764274597168
73.73804473876953
52.10003662109375
87.61306762695312
50.39252853393555
41.369171142578125
59.654541015625
67.87769317626953
50.09688186645508
34.17392349243164
53.408321380615234
118.5372314453125
67.36111450195312
218.41368103027344
75.24420928955078
64.8331527709961
82.45360565185547
94.78397369384766
62.41484451293945
28.792430877685547
39.66875457763672
103.05704498291016
61.37544250488281
127.77587127685547
67.03938293457031
74.35197448730469
66.33651733398438
104.77993774414062
62.04897689819336
61.934078216552734
51.17508316040039
109.39610290527344
58.13593673706055
136.07017517089844
64.94910430908203
67.07280731201172
76.6451187133789
131.17648315429688
60.679908752441406
58.127113342285156
59.38237762451172
107.3047866821289
60.75371551513672
195.15467834472656
55.07755661010742
65.40951538085938
60.034881591796875
84.09428405761719
62.48402786254883
43.41838073730469
57.23303985595703
103.68636322021484
52.67567825317383
179.29685974121094
65.44457244873047
60.4377326965332
66.42671203613281
104.15290069580078
62.768104553222656
48.99298858642578
44.58942794799805
109.86366271972656
50.2265739440918
135.7464141845703
76.97438049316406
59.89508056640625
61.028892517089844
100.09149169921875
61.12635040283203
37.991241455078125
62.77869415283203
104.4072265625
49.38282012939453
174.8344268798828
57.49442672729492
63.84196472167969
107.0370101928711
95.36962127685547
59.00786590576172
46.09640121459961
45.83942413330078
103.17544555664062
48.3430290222168
175.66969299316406
73.94534301757812
66.9939193725586
67.51553344726562
89.35823059082031
54.44707489013672
66.74158477783203
47.76466369628906
106.15192413330078
47.102508544921875
156.5756072998047
73.3360824584961
57.93540954589844
66.606689453125
102.47541809082031
63.21067428588867
52.25831985473633
51.61021041870117
100.49002838134766
46.558189392089844
78.01256561279297
53.638431549072266
67.09864807128906
74.6019287109375
93.3319091796875
60.854000091552734
40.11582565307617
82.62267303466797
92.95651245117188
44.2147331237793
142.70501708984375
61.53413009643555
58.344539642333984
59.134525299072266
91.19033813476562
54.45710754394531
34.185577392578125
78.00740814208984
99.20726013183594
38.47532653808594
120.5545654296875
59.995365142822266
57.08951950073242
71.2650146484375
96.15814971923828
59.25031280517578
49.937965393066406
51.905052185058594
90.1059341430664
44.312557220458984
179.12530517578125
61.024749755859375
58.43586730957031
80.07135009765625
90.51449584960938
56.379234313964844
32.68942642211914
55.39069747924805
112.54998779296875
39.35238265991211
167.56312561035156
72.70079040527344
52.52735900878906
72.00525665283203
108.9351806640625
56.11898422241211
37.802066802978516
55.92532730102539
94.21170806884766
39.86761474609375
124.1869125366211
65.27372741699219
68.26416778564453
67.4366226196289
106.08589935302734
57.18052673339844
71.23800659179688
50.53485107421875
100.96089935302734
46.438392639160156
145.12875366210938
63.53284454345703
54.484619140625
72.86176300048828
112.35560607910156
52.4484977722168
47.481666564941406
99.79181671142578
85.60221099853516
47.17355728149414
160.3526153564453
71.06583404541016
63.6424674987793
93.99140167236328
97.78404998779297
52.77614974975586
71.62496185302734
45.39817810058594
97.8693618774414
41.410255432128906
148.11904907226562
70.21783447265625
60.18598937988281
66.03484344482422
116.5033950805664
53.652793884277344
47.99254608154297
69.10858917236328
104.02998352050781
44.85905075073242
106.82006072998047
58.742794036865234
61.61741256713867
75.74651336669922
112.39141082763672
46.014163970947266
37.295013427734375
49.27027893066406
89.295654296875
46.56059265136719
123.5350570678711
58.97409439086914
58.96851348876953
79.56220245361328
143.16783142089844
54.627532958984375
42.323585510253906
40.69889831542969
88.17263793945312
38.23462677001953
92.06388092041016
56.588741302490234
47.13450241088867
92.90283203125
127.57158660888672
49.59040069580078
41.06127166748047
57.30068588256836
93.73348999023438
38.214229583740234
131.3343048095703
68.49019622802734
52.684959411621094
86.41206359863281
137.4256591796875
51.837894439697266
53.406517028808594
68.19556427001953
80.3722915649414
38.975589752197266
159.53201293945312
53.19651794433594
54.36651611328125
79.45048522949219
79.61317443847656
48.593257904052734
34.9405632019043
42.1160774230957
84.80298614501953
41.4642219543457
158.0280303955078
63.837005615234375
66.96182250976562
96.37086486816406
108.437744140625
57.66667938232422
60.736915588378906
46.7026481628418
93.18891906738281
41.31960678100586
161.42701721191406
83.92133331298828
55.43601989746094
61.54557800292969
135.4477996826172
50.594791412353516
38.53168869018555
75.58960723876953
91.34544372558594
40.940101623535156
146.65933227539062
48.56986999511719
53.394493103027344
59.342716217041016
112.24918365478516
52.995201110839844
26.688154220581055
46.834503173828125
85.17900848388672
40.96080780029297
105.64471435546875
62.45969009399414
62.40290069580078
63.95030975341797
109.72201538085938
52.91152572631836
55.72309112548828
63.72301483154297
95.11827087402344
40.420433044433594
173.9561004638672
68.91287994384766
54.890689849853516
64.75129699707031
106.22636413574219
49.93828582763672
47.92140579223633
56.06220626831055
81.80928802490234
40.01637268066406
107.04559326171875
68.91400146484375
54.50399398803711
88.41343688964844
99.2913818359375
54.71642303466797
47.66317367553711
72.717041015625
87.24832153320312
40.99327850341797
163.6656951904297
68.92807006835938
51.80225372314453
52.22062683105469
91.15715026855469
56.08024215698242
44.56619644165039
40.866119384765625
81.38688659667969
39.286495208740234
161.30267333984375
53.539146423339844
56.975929260253906
65.37054443359375
77.2742919921875
54.580570220947266
44.28775405883789
55.26939010620117
77.0960464477539
38.55989074707031
139.10812377929688
73.57585144042969
51.90966033935547
73.95963287353516
95.89659118652344
55.12471008300781
24.86002540588379
76.52960205078125
87.4567642211914
43.284423828125
98.63237762451172
64.76678466796875
62.90483093261719
71.79010772705078
83.97471618652344
54.44976043701172
68.73596954345703
63.8467903137207
79.77244567871094
42.664188385009766
145.39183044433594
50.5413703918457
50.90137481689453
64.21240234375
85.85358428955078
54.59414291381836
55.35326385498047
55.42665100097656
83.94231414794922
42.625709533691406
138.38919067382812
58.791221618652344
51.895267486572266
53.2883186340332
90.61425018310547
53.47471618652344
43.128910064697266
57.20627975463867
94.8214111328125
40.96505355834961
166.40794372558594
57.54188919067383
54.15932083129883
67.04230499267578
95.03380584716797
56.272254943847656
44.14125061035156
56.61930465698242
90.31332397460938
41.714027404785156
131.20567321777344
61.080265045166016
54.895965576171875
97.8266830444336
97.46401977539062
54.87454605102539
44.18229293823242
82.70043182373047
94.12123107910156
43.53778076171875
136.80657958984375
65.51947784423828
55.64007568359375
60.739376068115234
94.61213684082031
55.037837982177734
44.94509506225586
36.6866569519043
92.74140167236328
44.06175994873047
124.1256103515625
53.89252471923828
54.871116638183594
78.63990020751953
104.11326599121094
52.73036193847656
36.60802459716797
51.3125
87.44104766845703
43.53527069091797
137.447509765625
71.63372802734375
51.87897872924805
77.5055923461914
109.63273620605469
54.000282287597656
51.235530853271484
58.596473693847656
94.18991088867188
41.587806701660156
180.5946044921875
52.1193733215332
51.903926849365234
52.53689193725586
105.57703399658203
51.2418327331543
35.46347427368164
46.29374313354492
90.5164566040039
41.501583099365234
110.44346618652344
62.97426223754883
56.07817077636719
67.61612701416016
100.9443130493164
