23320928.0
69446516736.0
11106441216.0
155948128.0
22865658.0
97226850304.0
88657608.0
19165714.0
130171416.0
75909248.0
16614849.0
1890067200.0
214799328.0
27222816.0
63311588.0
27033672.0
13454684.0
160978880.0
75741216.0
1508665088.0
27090348.0
99672744.0
56072984.0
14346683.0
58167616.0
476283584.0
8100833.5
117207872.0
217000960.0
11801406.0
51160492.0
288534080.0
1389663232.0
13152976.0
79264256.0
1775169024.0
6898119.5
139764608.0
125399432.0
9765646.0
14120177.0
131408592.0
366552256.0
16710924.0
28219856.0
274948704.0
27231048.0
64555772.0
28596350.0
74754016.0
10359919.0
36195620.0
207263040.0
18123402.0
25257228.0
23978090.0
47374228.0
25733516.0
251183152.0
69670888.0
23113018.0
130076936.0
45293360.0
12418950.0
26908706.0
33894804.0
43086132.0
35535384.0
18337620.0
56773656.0
28889992.0
69387968.0
31497542.0
12802885.0
51361156.0
83894504.0
7577976.5
25483148.0
20357934.0
27977948.0
27204320.0
88967320.0
22539654.0
54543696.0
162821072.0
854009152.0
9195904.0
150249664.0
8134264.0
9069655.0
67148200.0
170443840.0
75824352.0
25555394.0
104469544.0
23784498.0
6839530.0
293255456.0
12819220.0
9875080.0
64736760.0
8718756.0
26184294.0
33881620.0
81308408.0
28578918.0
6365001.0
173748096.0
8395236.0
23792110.0
57642160.0
10228816.0
15747582.0
30027534.0
96186016.0
310146912.0
6223640.5
151789616.0
19423300.0
10702038.0
64837444.0
32152312.0
17415826.0
24964530.0
50791612.0
155365616.0
6120811.0
104287960.0
12574934.0
9131214.0
65446656.0
19240294.0
46076068.0
32964568.0
40960412.0
27020590.0
8501710.0
99246096.0
17956824.0
8450646.0
57565496.0
56590684.0
13541995.0
25027758.0
37319836.0
125276640.0
5694984.5
131913168.0
12618671.0
8181644.5
48789792.0
24814560.0
40869748.0
23264998.0
33747544.0
128637752.0
7215060.5
165008640.0
11628816.0
8764170.0
34408324.0
7125693.0
34250440.0
26252770.0
29914394.0
55719536.0
6866809.5
82823808.0
12207159.0
8194987.5
64184076.0
14620727.0
24829108.0
19848378.0
28515906.0
163908384.0
5993788.5
162655584.0
8241516.5
7953109.0
53560620.0
44915436.0
15009314.0
14281079.0
23412286.0
31303946.0
5152823.0
82621232.0
20535892.0
8101457.5
32618250.0
87281768.0
12681639.0
17990200.0
15048530.0
19804848.0
5072522.5
74318944.0
9304961.0
7514462.5
45886604.0
17501892.0
24009300.0
12463936.0
22605344.0
138594880.0
4949171.5
79896432.0
6863517.0
8008019.5
35980192.0
104383488.0
18554446.0
32643780.0
15445287.0
81521336.0
5866536.0
50363900.0
8854961.0
8381221.5
34957264.0
57639084.0
17835822.0
13862496.0
15792580.0
19092302.0
4837227.5
163058672.0
11281536.0
7701792.0
37229028.0
6033322.0
26526366.0
18106696.0
25477726.0
31263912.0
4658052.5
57116324.0
8377513.0
8795142.0
25791940.0
21574302.0
28887602.0
10470183.0
26586152.0
57331028.0
5168269.0
113799736.0
6624029.5
6889336.0
25718258.0
5806954.0
41679252.0
15219863.0
16889122.0
33724424.0
4917682.5
85288328.0
12177575.0
9630225.0
27098430.0
20532550.0
10352852.0
19807560.0
21632230.0
26050886.0
4575042.0
94140920.0
7235145.0
8280176.5
15184665.0
60901588.0
29178986.0
10870465.0
24387490.0
17915588.0
4486837.0
76532056.0
6342591.0
28622140.0
28333588.0
35472960.0
66424212.0
10394447.0
12983697.0
58988988.0
4705625.5
29939506.0
5961642.5
14031399.0
19211314.0
40416324.0
15718923.0
12158125.0
12789018.0
18934376.0
4335214.0
45855192.0
5597688.5
21321394.0
22357404.0
12854698.0
9975471.0
9303093.0
13311834.0
50768064.0
5300728.5
51706692.0
6140137.5
11695375.0
17355358.0
79671632.0
57018460.0
9377696.0
15782035.0
47006164.0
3993548.75
132627232.0
5995099.0
6817433.0
33835752.0
7719086.5
36297692.0
11425077.0
15458616.0
53972272.0
6916872.0
55150008.0
16517742.0
18601346.0
19707454.0
52964036.0
9548223.0
10573648.0
14770986.0
28631988.0
6899516.0
46246612.0
19669914.0
7244757.0
23178106.0
225434240.0
35645888.0
9054063.0
14638457.0
26407156.0
3814590.25
91187824.0
13689536.0
6665141.5
22756958.0
10589729.0
10751715.0
11786442.0
13938941.0
91075696.0
3852607.75
50867892.0
12872509.0
6090597.0
17989672.0
20366638.0
16445311.0
8654466.0
13302872.0
24479500.0
3781031.0
48667112.0
4961950.5
5725058.5
25046902.0
20830154.0
8791287.0
8995677.0
13918721.0
55542436.0
3693653.75
38540788.0
36606248.0
6511682.0
27360584.0
28049950.0
63875392.0
8457599.0
12278264.0
49557700.0
4818859.0
56945852.0
12200836.0
12966976.0
23964518.0
28780396.0
17157200.0
8831151.0
11498872.0
20246482.0
3947519.5
37712108.0
7073193.5
5691740.0
24674394.0
289824352.0
8685852.0
8690016.0
16001222.0
37658744.0
3407357.5
86712592.0
7917162.0
8604315.0
23253858.0
4993060.5
10154387.0
8313394.5
15146027.0
24616832.0
5667503.0
33971172.0
13158291.0
7780019.5
22963388.0
10591064.0
16737214.0
8125837.5
14780989.0
19076050.0
3669131.25
35918212.0
32963184.0
6324295.5
20583248.0
32122990.0
14665035.0
10304692.0
12780674.0
56962876.0
3794821.5
41839496.0
10635877.0
5519649.0
24716070.0
28955568.0
15217987.0
8734596.0
13187296.0
15595757.0
3349431.75
42711332.0
4693617.0
5213473.0
21521782.0
28788454.0
9198327.0
9634017.0
14750557.0
17243786.0
3118217.25
44070208.0
17141164.0
5445756.0
21011886.0
26612518.0
99776544.0
9016188.0
14915509.0
14529702.0
4414423.0
40233084.0
5364396.5
4926164.5
17305424.0
64725572.0
22962614.0
7803599.5
13995785.0
16863174.0
3164970.75
31140996.0
5590970.0
5189451.0
18362946.0
14661117.0
13025411.0
9070414.0
11881763.0
90156808.0
4854406.0
30057712.0
34945592.0
4791319.5
14628737.0
73634968.0
36190552.0
8042748.5
11615588.0
19727104.0
3011311.5
40899632.0
9967859.0
4724720.0
