23336.564453125
69446520.0
11106450.0
155989.28125
22903.35546875
97226872.0
88683.328125
19199.41796875
130212.2421875
75966.1796875
16654.314453125
1890081.375
214830.921875
27321.822265625
63362.71875
27147.078125
13497.3203125
161041.03125
75787.015625
1508694.5
27136.939453125
99706.6171875
56116.57421875
14419.4169921875
58218.57421875
476482.375
8151.783203125
117266.8359375
217036.9375
11906.1611328125
51216.765625
288559.59375
1389681.5
13233.0068359375
79320.6015625
1775403.375
6958.8798828125
139827.734375
125440.21875
9860.1103515625
14160.919921875
131439.84375
366579.28125
16777.591796875
28264.26953125
275021.125
27265.76171875
64609.9375
28652.076171875
74810.4140625
10395.65234375
36238.2578125
207294.375
18188.447265625
25300.138671875
24092.298828125
47404.1640625
25775.2109375
251217.546875
69727.953125
23160.998046875
130108.1484375
45338.4765625
12494.7685546875
26952.416015625
33998.1015625
43116.78125
35581.234375
18398.7421875
56832.875
28940.892578125
69424.3125
31546.619140625
12876.6240234375
51413.26171875
83982.1171875
7628.36962890625
25524.517578125
20417.58984375
28045.826171875
27254.419921875
89001.5
22593.0625
54662.23828125
162888.4375
854227.625
9271.1484375
150314.5
8216.7177734375
9164.439453125
67210.6171875
170472.640625
75864.03125
25658.451171875
104530.921875
23912.275390625
6906.56982421875
293329.8125
12885.5576171875
9979.8603515625
64798.8125
8780.6904296875
26235.470703125
33991.015625
81366.546875
28714.990234375
6429.95068359375
173815.1875
8471.8818359375
23923.287109375
57702.84375
10286.943359375
15806.9658203125
30134.83984375
96246.7734375
310342.09375
6278.71826171875
151855.03125
19483.3359375
10786.1328125
64899.9296875
32195.732421875
17473.05859375
25068.216796875
50844.2890625
155544.921875
6186.255859375
104348.40625
12641.361328125
9235.3681640625
65509.4296875
19289.287109375
46120.66015625
33074.43359375
41010.640625
27156.337890625
8578.6845703125
99306.0
18017.853515625
8550.73828125
57626.625
56628.6796875
13604.7744140625
25132.16796875
37369.21875
125451.484375
5752.4794921875
131977.015625
12725.708984375
8277.0146484375
48848.80078125
24860.65625
40915.58984375
23368.17578125
33795.890625
128813.4296875
7289.00634765625
165075.640625
11696.33203125
8853.529296875
34462.76953125
7192.43505859375
34298.20703125
26358.923828125
29961.49609375
55876.11328125
6940.14599609375
82881.75
12273.765625
8297.4638671875
64247.2890625
14672.986328125
24880.71875
19948.869140625
28562.466796875
163986.40625
6047.42724609375
162722.6875
8316.1181640625
8046.44140625
53621.4765625
44955.5546875
15091.9375
14374.0361328125
23456.501953125
31446.65234375
5214.357421875
82679.578125
20595.02734375
8192.6484375
32672.708984375
87315.9609375
12759.6474609375
18089.408203125
15087.005859375
19925.404296875
5132.5185546875
74376.03125
9376.2265625
7610.62109375
45945.85546875
17551.830078125
24061.205078125
12554.0419921875
22649.658203125
138774.015625
5010.19677734375
79954.875
6943.58837890625
8098.53466796875
36036.57421875
104416.1796875
18609.837890625
32756.33203125
15484.640625
81688.90625
5939.23681640625
50416.4296875
8926.9658203125
8490.1572265625
35013.3828125
57676.88671875
17891.748046875
13956.708984375
15832.4482421875
19216.490234375
4902.50146484375
163126.953125
11348.97265625
7807.87841796875
37286.2109375
6104.56005859375
26576.90234375
18207.658203125
25524.1640625
31409.04296875
4721.58544921875
57170.8125
8450.375
8907.498046875
25844.390625
21621.78515625
28987.39453125
10555.7861328125
26633.326171875
57491.3828125
5239.3349609375
113863.3828125
6718.02099609375
6987.12060546875
25771.03515625
5878.5791015625
41724.65234375
15317.732421875
16930.533203125
33872.54296875
4987.900390625
85348.5234375
12243.6103515625
9746.728515625
27152.083984375
20580.54296875
10421.9609375
19911.58984375
21677.08984375
26157.70703125
4633.78466796875
94202.5390625
7310.89208984375
8392.568359375
15230.6806640625
60938.88671875
29228.2578125
10959.76171875
24434.05078125
18039.123046875
4545.8115234375
76591.03125
6422.1533203125
28765.30859375
28388.216796875
35515.28515625
66464.9140625
10482.6201171875
13021.931640625
59081.0546875
4762.21435546875
29986.642578125
6054.54541015625
14158.970703125
19260.904296875
40457.38671875
15776.224609375
12251.859375
12827.232421875
19065.7109375
4403.70458984375
45907.87890625
5684.10107421875
21458.8203125
22409.2421875
12908.1044921875
10043.6669921875
9383.4658203125
13350.810546875
50927.59765625
5353.9248046875
51761.0625
6219.58837890625
11774.9892578125
17403.953125
79706.5703125
57060.578125
9462.4990234375
15823.5
47164.1953125
4057.3857421875
132694.203125
6091.47021484375
6925.87109375
33893.421875
7779.82373046875
36344.3984375
11518.265625
15499.9365234375
54133.69921875
7000.7939453125
55205.44921875
16579.287109375
18736.794921875
19758.05078125
53002.5703125
9623.8134765625
10664.994140625
14811.9267578125
28778.650390625
6948.0859375
46300.0078125
19729.255859375
7357.00634765625
23231.103515625
225460.9375
35692.7265625
9139.2421875
14679.4189453125
26512.802734375
3877.050048828125
91250.234375
13753.4873046875
6774.86376953125
22809.87109375
10645.4521484375
10815.4384765625
11881.560546875
13979.3623046875
91249.65625
3921.520751953125
50922.78515625
12937.2607421875
6196.82373046875
18039.611328125
20414.560546875
16501.375
8736.2763671875
13342.8896484375
24586.546875
3849.9453125
48721.6171875
5050.3642578125
5824.35009765625
25101.619140625
20877.818359375
8864.00390625
9082.92578125
13959.71484375
55706.1015625
3762.581787109375
38592.58984375
36658.46875
6602.83935546875
27416.666015625
28094.517578125
63916.26171875
8538.986328125
12317.55078125
49719.00390625
4872.3984375
57002.83203125
12266.20703125
13044.2509765625
24019.099609375
28824.68359375
17212.470703125
8908.2470703125
11537.431640625
20385.58984375
4021.095703125
37764.01953125
7147.1533203125
5787.63671875
24729.51953125
289849.25
8762.3818359375
8777.4736328125
16044.5068359375
37757.37890625
3472.12451171875
86775.5
7988.95263671875
8688.2900390625
23308.30859375
5061.79638671875
10218.234375
8393.1669921875
15188.69140625
24762.2265625
5718.044921875
34022.07421875
13222.50390625
7865.87353515625
23017.982421875
10646.41796875
16792.640625
8209.7802734375
14823.615234375
19214.439453125
3727.922607421875
35970.109375
33016.4765625
6414.91015625
20636.72265625
32166.12109375
14722.2421875
10399.513671875
12821.6396484375
57129.28515625
3852.36376953125
41893.65625
10702.919921875
5614.68310546875
24772.341796875
28999.7109375
15274.6064453125
8824.91015625
13229.0107421875
15726.9638671875
3410.51220703125
42766.23046875
4791.44384765625
5310.93701171875
21576.658203125
28832.63671875
9281.02734375
9728.138671875
14794.095703125
17380.59375
3183.73681640625
44125.8515625
17201.904296875
5540.36865234375
21066.923828125
26657.46484375
99813.234375
9108.9296875
14959.5712890625
14653.8291015625
4468.31591796875
40287.95703125
5443.037109375
5030.27783203125
17358.15625
64762.18359375
23013.927734375
7891.041015625
14039.3212890625
17000.62109375
3236.604736328125
31192.876953125
5668.4755859375
5299.083984375
18416.947265625
14712.353515625
13084.0078125
9164.603515625
11923.3515625
90337.40625
4906.525390625
30109.6171875
34998.12890625
4896.89697265625
14679.9794921875
73670.4296875
36236.84765625
8133.265625
11657.0908203125
19837.548828125
3074.285888671875
40955.7109375
10035.4755859375
4825.66455078125
