tensor([[-0.5849,  0.2910, -0.3775, -0.2298,  0.7563, -0.7903, -0.1579,  0.2999,
          0.3802, -0.3298, -0.4546,  0.1646, -0.7680,  0.1075, -0.5460, -0.1534]],
       grad_fn=<SliceBackward>)
tensor([[-3.8211,  1.8992, -2.4591, -1.5030,  4.8834, -5.1540, -1.0120,  1.9458,
          2.4623, -2.1306, -2.9493,  1.0863, -4.9705,  0.7224, -3.5544, -0.9934]],
       grad_fn=<SliceBackward>)
tensor([[-2.8985,  1.4358, -1.8604, -1.1367,  3.6820, -3.9027, -0.7629,  1.4564,
          1.8668, -1.6086, -2.2166,  0.8243, -3.7479,  0.5549, -2.7055, -0.7464]],
       grad_fn=<SliceBackward>)
tensor([[-1.2302,  0.6118, -0.7947, -0.4857,  1.5612, -1.6555, -0.3183,  0.6082,
          0.7865, -0.6787, -0.9280,  0.3461, -1.5782,  0.2351, -1.1683, -0.3106]],
       grad_fn=<SliceBackward>)
tensor([[ 0.7282, -0.3475,  0.4497,  0.2745, -0.8727,  0.9728,  0.1885, -0.3543,
         -0.4610,  0.3941,  0.5640, -0.2273,  0.9197, -0.1597,  0.6411,  0.1821]],
       grad_fn=<SliceBackward>)
tensor([[-3.6937,  1.8174, -2.3561, -1.4437,  4.5674, -4.9534, -0.9376,  1.7919,
          2.3289, -2.0053, -2.7928,  1.0824, -4.6718,  0.7521, -3.4688, -0.9213]],
       grad_fn=<SliceBackward>)
tensor([[-1.1940,  0.5955, -0.7728, -0.4740,  1.5001, -1.6042, -0.3017,  0.5802,
          0.7553, -0.6504, -0.8912,  0.3387, -1.5125,  0.2336, -1.1586, -0.2998]],
       grad_fn=<SliceBackward>)
tensor([[ 0.5414, -0.2487,  0.3214,  0.1961, -0.6065,  0.7177,  0.1371, -0.2460,
         -0.3263,  0.2846,  0.4315, -0.1889,  0.6647, -0.1360,  0.4463,  0.1293]],
       grad_fn=<SliceBackward>)
tensor([[-1.2581,  0.6254, -0.8136, -0.4985,  1.5661, -1.6879, -0.3151,  0.6014,
          0.7893, -0.6803, -0.9391,  0.3624, -1.5790,  0.2517, -1.2289, -0.3138]],
       grad_fn=<SliceBackward>)
tensor([[-0.9846,  0.4927, -0.6417, -0.3930,  1.2360, -1.3213, -0.2464,  0.4708,
          0.6195, -0.5336, -0.7291,  0.2781, -1.2365,  0.1928, -0.9814, -0.2484]],
       grad_fn=<SliceBackward>)
tensor([[ 0.8360, -0.3899,  0.5045,  0.3083, -0.9507,  1.1179,  0.2101, -0.3723,
         -0.5045,  0.4404,  0.6675, -0.2896,  1.0273, -0.2052,  0.7073,  0.1974]],
       grad_fn=<SliceBackward>)
tensor([[-2.4363,  1.2018, -1.5614, -0.9606,  2.9744, -3.2703, -0.6004,  1.1363,
          1.5132, -1.2992, -1.8390,  0.7326, -3.0256,  0.5122, -2.3499, -0.6040]],
       grad_fn=<SliceBackward>)
tensor([[-1.2990,  0.6481, -0.8431, -0.5190,  1.6092, -1.7450, -0.3190,  0.6093,
          0.8117, -0.6947, -0.9671,  0.3779, -1.6161,  0.2633, -1.2905, -0.3269]],
       grad_fn=<SliceBackward>)
tensor([[ 0.9196, -0.4301,  0.5561,  0.3409, -1.0426,  1.2288,  0.2289, -0.4078,
         -0.5551,  0.4821,  0.7446, -0.3261,  1.1259, -0.2276,  0.7725,  0.2128]],
       grad_fn=<SliceBackward>)
tensor([[ 1.3777, -0.6499,  0.8415,  0.5164, -1.5732,  1.8341,  0.3400, -0.6061,
         -0.8269,  0.7202,  1.0975, -0.4775,  1.6807, -0.3346,  1.1905,  0.3199]],
       grad_fn=<SliceBackward>)
tensor([[ 0.0517, -0.0064,  0.0058,  0.0029,  0.0016,  0.0631,  0.0139, -0.0053,
         -0.0156,  0.0206,  0.0799, -0.0552,  0.0509, -0.0384, -0.0490, -0.0018]],
       grad_fn=<SliceBackward>)
tensor([[-0.3075,  0.1677, -0.2206, -0.1361,  0.4271, -0.4148, -0.0744,  0.1570,
          0.2030, -0.1687, -0.1966,  0.0600, -0.3897,  0.0424, -0.3873, -0.0894]],
       grad_fn=<SliceBackward>)
tensor([[ 1.8389, -0.8685,  1.1255,  0.6908, -2.0938,  2.4443,  0.4508, -0.7999,
         -1.0917,  0.9578,  1.4768, -0.6480,  2.2323, -0.4514,  1.5939,  0.4225]],
       grad_fn=<SliceBackward>)
tensor([[-1.0339,  0.5186, -0.6770, -0.4161,  1.2814, -1.3819, -0.2522,  0.4810,
          0.6412, -0.5501, -0.7595,  0.2977, -1.2762,  0.2088, -1.0684, -0.2646]],
       grad_fn=<SliceBackward>)
tensor([[-2.3025,  1.1308, -1.4732, -0.9046,  2.7688, -3.0731, -0.5625,  1.0456,
          1.4047, -1.2155, -1.7534,  0.7201, -2.8223,  0.5022, -2.2430, -0.5669]],
       grad_fn=<SliceBackward>)
tensor([[ 1.1875, -0.5532,  0.7157,  0.4392, -1.3218,  1.5798,  0.2910, -0.5073,
         -0.6960,  0.6150,  0.9848, -0.4443,  1.4327, -0.3057,  0.9757,  0.2607]],
       grad_fn=<SliceBackward>)
tensor([[-1.1827,  0.5904, -0.7717, -0.4735,  1.4553, -1.5814, -0.2886,  0.5462,
          0.7301, -0.6279, -0.8734,  0.3473, -1.4537,  0.2435, -1.2198, -0.3053]],
       grad_fn=<SliceBackward>)
tensor([[-0.7009,  0.3571, -0.4684, -0.2873,  0.8873, -0.9349, -0.1703,  0.3305,
          0.4374, -0.3743, -0.4942,  0.1866, -0.8648,  0.1329, -0.7749, -0.1913]],
       grad_fn=<SliceBackward>)
tensor([[ 0.0587, -0.0065,  0.0041,  0.0029,  0.0108,  0.0698,  0.0140, -0.0013,
         -0.0108,  0.0209,  0.1058, -0.0735,  0.0532, -0.0482, -0.0839, -0.0130]],
       grad_fn=<SliceBackward>)
tensor([[ 1.3957, -0.6465,  0.8371,  0.5136, -1.5293,  1.8343,  0.3382, -0.5870,
         -0.7997,  0.7163,  1.1644, -0.5338,  1.6654, -0.3680,  1.1366,  0.3005]],
       grad_fn=<SliceBackward>)
tensor([[ 2.2121, -1.0397,  1.3445,  0.8274, -2.4603,  2.9042,  0.5345, -0.9381,
         -1.2732,  1.1363,  1.8165, -0.8212,  2.6413, -0.5677,  1.8733,  0.4912]],
       grad_fn=<SliceBackward>)
tensor([[ 0.0765, -0.0124,  0.0126,  0.0076, -0.0015,  0.0883,  0.0177, -0.0060,
         -0.0169,  0.0293,  0.1280, -0.0866,  0.0714, -0.0562, -0.0837, -0.0145]],
       grad_fn=<SliceBackward>)
tensor([[ 1.7488, -0.8109,  1.0476,  0.6448, -1.8950,  2.2760,  0.4193, -0.7165,
         -0.9864,  0.8894,  1.4658, -0.6835,  2.0660, -0.4702,  1.4175,  0.3726]],
       grad_fn=<SliceBackward>)
tensor([[-1.5256,  0.7539, -0.9814, -0.6040,  1.8195, -2.0104, -0.3677,  0.6780,
          0.9137, -0.7960, -1.1488,  0.4805, -1.8422,  0.3376, -1.5348, -0.3903]],
       grad_fn=<SliceBackward>)
tensor([[ 0.6942, -0.3051,  0.3916,  0.2411, -0.6873,  0.8905,  0.1649, -0.2592,
         -0.3697,  0.3446,  0.6316, -0.3180,  0.8014, -0.2152,  0.4507,  0.1210]],
       grad_fn=<SliceBackward>)
tensor([[ 1.6472, -0.7578,  0.9786,  0.6024, -1.7519,  2.1278,  0.3926, -0.6546,
         -0.9165,  0.8321,  1.4029, -0.6695,  1.9301, -0.4575,  1.2893,  0.3371]],
       grad_fn=<SliceBackward>)
tensor([[-1.6840,  0.8261, -1.0758, -0.6615,  1.9804, -2.2065, -0.4040,  0.7302,
          0.9968, -0.8736, -1.2775,  0.5469, -2.0196,  0.3837, -1.6660, -0.4280]],
       grad_fn=<SliceBackward>)
tensor([[-2.1806,  1.0580, -1.3769, -0.8466,  2.5184, -2.8372, -0.5206,  0.9267,
          1.2707, -1.1234, -1.6800,  0.7356, -2.5968,  0.5162, -2.0929, -0.5393]],
       grad_fn=<SliceBackward>)
tensor([[ 0.3395, -0.1305,  0.1646,  0.1018, -0.2619,  0.4084,  0.0771, -0.0963,
         -0.1508,  0.1566,  0.3550, -0.2020,  0.3648, -0.1360,  0.1048,  0.0285]],
       grad_fn=<SliceBackward>)
tensor([[ 1.6790, -0.7593,  0.9811,  0.6037, -1.7253,  2.1232,  0.3933, -0.6301,
         -0.8976,  0.8336,  1.4392, -0.7074,  1.9280, -0.4879,  1.2639,  0.3276]],
       grad_fn=<SliceBackward>)
tensor([[ 3.0627, -1.4027,  1.8170,  1.1172, -3.2043,  3.8700,  0.7169, -1.1746,
         -1.6559,  1.5261,  2.5671, -1.2415,  3.5246, -0.8633,  2.4363,  0.6279]],
       grad_fn=<SliceBackward>)
tensor([[ 0.5133, -0.2094,  0.2664,  0.1647, -0.4374,  0.6232,  0.1168, -0.1604,
         -0.2417,  0.2416,  0.5054, -0.2772,  0.5597, -0.1879,  0.2351,  0.0595]],
       grad_fn=<SliceBackward>)
tensor([[ 1.9756, -0.8911,  1.1524,  0.7089, -2.0110,  2.4789,  0.4596, -0.7306,
         -1.0468,  0.9755,  1.6978, -0.8417,  2.2508, -0.5819,  1.4791,  0.3773]],
       grad_fn=<SliceBackward>)
tensor([[-1.3014,  0.6378, -0.8355, -0.5115,  1.5207, -1.6820, -0.3093,  0.5523,
          0.7586, -0.6702, -0.9690,  0.4184, -1.5411,  0.2986, -1.3250, -0.3413]],
       grad_fn=<SliceBackward>)
tensor([[ 0.3920, -0.1503,  0.1890,  0.1175, -0.2939,  0.4573,  0.0870, -0.1028,
         -0.1669,  0.1780,  0.4140, -0.2390,  0.4120, -0.1609,  0.1125,  0.0248]],
       grad_fn=<SliceBackward>)
tensor([[ 0.9865, -0.4223,  0.5426,  0.3346, -0.9093,  1.1864,  0.2238, -0.3172,
         -0.4757,  0.4708,  0.9041, -0.4790,  1.0849, -0.3306,  0.6019,  0.1489]],
       grad_fn=<SliceBackward>)
tensor([[-1.3695,  0.6647, -0.8723, -0.5330,  1.5709, -1.7424, -0.3228,  0.5606,
          0.7775, -0.6989, -1.0259,  0.4532, -1.6020,  0.3259, -1.3794, -0.3544]],
       grad_fn=<SliceBackward>)
tensor([[-1.6266,  0.7833, -1.0274, -0.6277,  1.8414, -2.0617, -0.3824,  0.6562,
          0.9141, -0.8264, -1.2360,  0.5550, -1.8936,  0.3976, -1.6005, -0.4075]],
       grad_fn=<SliceBackward>)
tensor([[-0.1537,  0.1041, -0.1443, -0.0856,  0.2922, -0.2322, -0.0408,  0.1083,
          0.1316, -0.0955, -0.0268, -0.0286, -0.2143, -0.0133, -0.3670, -0.0933]],
       grad_fn=<SliceBackward>)
tensor([[ 1.1706, -0.5067,  0.6525,  0.4021, -1.1006,  1.4127,  0.2662, -0.3844,
         -0.5719,  0.5616,  1.0611, -0.5534,  1.2897, -0.3827,  0.7512,  0.1816]],
       grad_fn=<SliceBackward>)
tensor([[-1.3102,  0.6380, -0.8432, -0.5119,  1.5087, -1.6688, -0.3088,  0.5386,
          0.7460, -0.6691, -0.9744,  0.4295, -1.5235,  0.3094, -1.3590, -0.3319]],
       grad_fn=<SliceBackward>)
tensor([[-0.7129,  0.3626, -0.4845, -0.2921,  0.8803, -0.9268, -0.1704,  0.3163,
          0.4287, -0.3726, -0.4831,  0.1926, -0.8439,  0.1427, -0.8578, -0.2077]],
       grad_fn=<SliceBackward>)
tensor([[ 1.6232, -0.7158,  0.9263,  0.5691, -1.5767,  1.9749,  0.3711, -0.5528,
         -0.8123,  0.7860,  1.4359, -0.7333,  1.7981, -0.5090,  1.1374,  0.2719]],
       grad_fn=<SliceBackward>)
tensor([[-0.6094,  0.3152, -0.4256, -0.2543,  0.7715, -0.7983, -0.1464,  0.2779,
          0.3737, -0.3211, -0.3963,  0.1514, -0.7209,  0.1138, -0.7820, -0.1829]],
       grad_fn=<SliceBackward>)
tensor([[-1.0406,  0.5148, -0.6894, -0.4140,  1.2250, -1.3338, -0.2460,  0.4383,
          0.6028, -0.5345, -0.7493,  0.3222, -1.2040,  0.2341, -1.1590, -0.2691]],
       grad_fn=<SliceBackward>)
tensor([[ 0.7237, -0.3005,  0.3815,  0.2374, -0.6307,  0.8577,  0.1625, -0.2181,
         -0.3345,  0.3399,  0.7011, -0.3774,  0.7810, -0.2581,  0.3594,  0.0843]],
       grad_fn=<SliceBackward>)
tensor([[-0.7578,  0.3843, -0.5198, -0.3098,  0.9276, -0.9826, -0.1806,  0.3331,
          0.4526, -0.3943, -0.5150,  0.2099, -0.8818,  0.1552, -0.9262, -0.2127]],
       grad_fn=<SliceBackward>)
tensor([[-1.3649,  0.6653, -0.8907, -0.5344,  1.5662, -1.7367, -0.3212,  0.5589,
          0.7751, -0.6950, -1.0127,  0.4504, -1.5612,  0.3246, -1.4586, -0.3348]],
       grad_fn=<SliceBackward>)
tensor([[-0.2188,  0.1355, -0.1941, -0.1110,  0.3607, -0.3131, -0.0558,  0.1325,
          0.1662, -0.1270, -0.0700, -0.0041, -0.2750,  0.0049, -0.4683, -0.1046]],
       grad_fn=<SliceBackward>)
tensor([[ 1.0967, -0.4729,  0.6081,  0.3752, -1.0229,  1.3209,  0.2488, -0.3569,
         -0.5326,  0.5247,  1.0117, -0.5259,  1.1960, -0.3621,  0.6781,  0.1568]],
       grad_fn=<SliceBackward>)
tensor([[ 0.1069, -0.0146,  0.0026,  0.0089,  0.0182,  0.0915,  0.0197,  0.0114,
         -0.0068,  0.0346,  0.2000, -0.1336,  0.0912, -0.0860, -0.1922, -0.0396]],
       grad_fn=<SliceBackward>)
tensor([[-0.9865,  0.4920, -0.6671, -0.3961,  1.1682, -1.2667, -0.2335,  0.4181,
          0.5741, -0.5066, -0.6973,  0.2998, -1.1263,  0.2190, -1.1539, -0.2553]],
       grad_fn=<SliceBackward>)
tensor([[ 1.0357, -0.4450,  0.5705,  0.3528, -0.9588,  1.2452,  0.2347, -0.3342,
         -0.5002,  0.4944,  0.9669, -0.5026,  1.1252, -0.3452,  0.6159,  0.1431]],
       grad_fn=<SliceBackward>)
tensor([[-1.6513,  0.8029, -1.0849, -0.6467,  1.8675, -2.0925, -0.3829,  0.6655,
          0.9273, -0.8320, -1.2418,  0.5633, -1.8547,  0.4045, -1.7530, -0.3790]],
       grad_fn=<SliceBackward>)
tensor([[-1.0118,  0.5059, -0.6917, -0.4087,  1.1948, -1.2981, -0.2362,  0.4275,
          0.5875, -0.5164, -0.7145,  0.3094, -1.1446,  0.2261, -1.1937, -0.2557]],
       grad_fn=<SliceBackward>)
tensor([[ 1.3414, -0.5876,  0.7608,  0.4675, -1.2802,  1.6249,  0.3039, -0.4479,
         -0.6626,  0.6444,  1.2231, -0.6247,  1.4583, -0.4305,  0.8791,  0.1948]],
       grad_fn=<SliceBackward>)
tensor([[-1.3721,  0.6736, -0.9174, -0.5433,  1.5737, -1.7456, -0.3191,  0.5616,
          0.7789, -0.6939, -1.0086,  0.4521, -1.5371,  0.3266, -1.5247, -0.3243]],
       grad_fn=<SliceBackward>)
tensor([[-0.6362,  0.3316, -0.4627, -0.2692,  0.7997, -0.8315, -0.1501,  0.2878,
          0.3880, -0.3310, -0.4016,  0.1598, -0.7250,  0.1213, -0.8762, -0.1836]],
       grad_fn=<SliceBackward>)
tensor([[ 0.1993, -0.0565,  0.0533,  0.0419, -0.0790,  0.2062,  0.0417, -0.0230,
         -0.0559,  0.0812,  0.2882, -0.1722,  0.1969, -0.1118, -0.1397, -0.0241]],
       grad_fn=<SliceBackward>)
tensor([[ 1.1362, -0.4923,  0.6339,  0.3912, -1.0643,  1.3700,  0.2568, -0.3716,
         -0.5536,  0.5432,  1.0617, -0.5444,  1.2271, -0.3732,  0.6899,  0.1531]],
       grad_fn=<SliceBackward>)
tensor([[-0.2336,  0.1450, -0.2168, -0.1197,  0.3764, -0.3315, -0.0578,  0.1380,
          0.1741, -0.1322, -0.0658, -0.0006, -0.2781,  0.0089, -0.5326, -0.1062]],
       grad_fn=<SliceBackward>)
tensor([[-0.9444,  0.4758, -0.6592, -0.3849,  1.1240, -1.2144, -0.2212,  0.4025,
          0.5517, -0.4825, -0.6503,  0.2815, -1.0572,  0.2073, -1.1701, -0.2406]],
       grad_fn=<SliceBackward>)
tensor([[ 1.2401, -0.5434,  0.7005,  0.4330, -1.1736,  1.4991,  0.2784, -0.4103,
         -0.6088,  0.5910,  1.1533, -0.5868,  1.3354, -0.4022,  0.7751,  0.1682]],
       grad_fn=<SliceBackward>)
tensor([[-0.3796,  0.2164, -0.3118, -0.1780,  0.5299, -0.5128, -0.0886,  0.1923,
          0.2516, -0.1999, -0.1813,  0.0566, -0.4353,  0.0496, -0.6740, -0.1332]],
       grad_fn=<SliceBackward>)
tensor([[-0.9198,  0.4701, -0.6513, -0.3821,  1.0981, -1.1838, -0.2112,  0.3933,
          0.5386, -0.4636, -0.6259,  0.2710, -1.0237,  0.2004, -1.1604, -0.2328]],
       grad_fn=<SliceBackward>)
tensor([[ 1.4766, -0.6544,  0.8486,  0.5223, -1.4222,  1.7928,  0.3320, -0.4982,
         -0.7344,  0.7064,  1.3575, -0.6827,  1.5890, -0.4683,  0.9731,  0.2059]],
       grad_fn=<SliceBackward>)
tensor([[-1.0841,  0.5476, -0.7560, -0.4444,  1.2709, -1.3879, -0.2485,  0.4544,
          0.6259, -0.5436, -0.7591,  0.3360, -1.2005,  0.2462, -1.3139, -0.2631]],
       grad_fn=<SliceBackward>)
tensor([[-0.4482,  0.2490, -0.3579, -0.2043,  0.6021, -0.5980, -0.1044,  0.2178,
          0.2881, -0.2332, -0.2313,  0.0826, -0.5085,  0.0688, -0.7496, -0.1473]],
       grad_fn=<SliceBackward>)
tensor([[ 0.1210, -0.0181, -0.0017,  0.0105,  0.0035,  0.1090,  0.0247,  0.0060,
         -0.0143,  0.0447,  0.2423, -0.1445,  0.1111, -0.0901, -0.2462, -0.0437]],
       grad_fn=<SliceBackward>)
tensor([[ 1.5311, -0.6801,  0.8829,  0.5430, -1.4794,  1.8605,  0.3443, -0.5187,
         -0.7633,  0.7330,  1.4131, -0.7064,  1.6417, -0.4836,  1.0083,  0.2113]],
       grad_fn=<SliceBackward>)
tensor([[-0.7565,  0.3940, -0.5533, -0.3209,  0.9264, -0.9810, -0.1743,  0.3325,
          0.4519, -0.3836, -0.4820,  0.2045, -0.8423,  0.1548, -1.0364, -0.2034]],
       grad_fn=<SliceBackward>)
tensor([[ 0.0728,  0.0046, -0.0332, -0.0078,  0.0543,  0.0491,  0.0137,  0.0240,
          0.0114,  0.0212,  0.2078, -0.1263,  0.0573, -0.0767, -0.3007, -0.0538]],
       grad_fn=<SliceBackward>)
tensor([[ 1.0194, -0.4399,  0.5613,  0.3497, -0.9412,  1.2249,  0.2283, -0.3283,
         -0.4915,  0.4832,  0.9963, -0.5041,  1.0825, -0.3408,  0.5400,  0.1137]],
       grad_fn=<SliceBackward>)
tensor([[-0.4410,  0.2460, -0.3574, -0.2019,  0.5946, -0.5891, -0.1030,  0.2151,
          0.2843, -0.2296, -0.2151,  0.0778, -0.4992,  0.0667, -0.7662, -0.1456]],
       grad_fn=<SliceBackward>)
tensor([[-0.5659,  0.3052, -0.4377, -0.2496,  0.7260, -0.7443, -0.1316,  0.2616,
          0.3506, -0.2903, -0.3171,  0.1272, -0.6330,  0.1016, -0.8810, -0.1680]],
       grad_fn=<SliceBackward>)
tensor([[ 1.4399, -0.6377,  0.8260,  0.5088, -1.3833,  1.7472,  0.3238, -0.4847,
         -0.7149,  0.6883,  1.3548, -0.6741,  1.5318, -0.4583,  0.8999,  0.1812]],
       grad_fn=<SliceBackward>)
tensor([[-1.2029,  0.6048, -0.8410, -0.4906,  1.3959, -1.5355, -0.2763,  0.4986,
          0.6890, -0.6010, -0.8443,  0.3809, -1.3185,  0.2793, -1.4550, -0.2781]],
       grad_fn=<SliceBackward>)
tensor([[-2.5121e-01,  1.5738e-01, -2.4097e-01, -1.3068e-01,  3.9509e-01,
         -3.5337e-01, -6.0240e-02,  1.4452e-01,  1.8346e-01, -1.3672e-01,
         -4.9445e-02,  2.7648e-04, -2.9340e-01,  1.3683e-02, -6.1040e-01,
         -1.1399e-01]], grad_fn=<SliceBackward>)
tensor([[ 1.6183, -0.7149,  0.9317,  0.5829, -1.5705,  1.9687,  0.3576, -0.5509,
         -0.8095,  0.7687,  1.5182, -0.7499,  1.7129, -0.5084,  1.0366,  0.1995]],
       grad_fn=<SliceBackward>)
tensor([[ 2.1751, -0.9733,  1.2796,  0.7968, -2.1558,  2.6603,  0.4807, -0.7580,
         -1.1053,  1.0369,  1.9884, -0.9746,  2.3087, -0.6640,  1.5170,  0.2911]],
       grad_fn=<SliceBackward>)
tensor([[ 2.7704, -1.2495,  1.6516,  1.0255, -2.7815,  3.3997,  0.6123, -0.9793,
         -1.4214,  1.3237,  2.4948, -1.2160,  2.9456, -0.8303,  2.0219,  0.3872]],
       grad_fn=<SliceBackward>)
tensor([[ 1.0983, -0.4735,  0.6068,  0.3831, -1.0233,  1.3228,  0.2427, -0.3573,
         -0.5332,  0.5181,  1.0980, -0.5472,  1.1550, -0.3636,  0.5521,  0.1091]],
       grad_fn=<SliceBackward>)
tensor([[ 2.0740, -0.9263,  1.2164,  0.7579, -2.0487,  2.5346,  0.4584, -0.7201,
         -1.0513,  0.9882,  1.9285, -0.9432,  2.1989, -0.6363,  1.3843,  0.2678]],
       grad_fn=<SliceBackward>)
tensor([[ 0.4422, -0.1690,  0.1968,  0.1310, -0.3332,  0.5078,  0.0976, -0.1131,
         -0.1847,  0.2020,  0.5531, -0.2864,  0.4518, -0.1805, -0.0283, -0.0015]],
       grad_fn=<SliceBackward>)
tensor([[ 0.4085, -0.1534,  0.1757,  0.1181, -0.2976,  0.4659,  0.0902, -0.1004,
         -0.1668,  0.1857,  0.5285, -0.2743,  0.4153, -0.1712, -0.0631, -0.0087]],
       grad_fn=<SliceBackward>)
tensor([[ 1.9754, -0.8805,  1.1548,  0.7200, -1.9438,  2.4119,  0.4365, -0.6831,
         -0.9988,  0.9406,  1.8717, -0.9137,  2.0918, -0.6095,  1.2595,  0.2448]],
       grad_fn=<SliceBackward>)
tensor([[-1.5154,  0.7394, -1.0263, -0.6210,  1.7240, -1.9235, -0.3351,  0.6149,
          0.8549, -0.7412, -1.1118,  0.5070, -1.6440,  0.3668, -1.6958, -0.3233]],
       grad_fn=<SliceBackward>)
tensor([[-0.9084,  0.4578, -0.6471, -0.3878,  1.0864, -1.1697, -0.2009,  0.3891,
          0.5326, -0.4488, -0.5905,  0.2590, -0.9947,  0.1970, -1.1827, -0.2258]],
       grad_fn=<SliceBackward>)
tensor([[ 1.1396, -0.4926,  0.6325,  0.3989, -1.0650,  1.3737,  0.2518, -0.3730,
         -0.5550,  0.5379,  1.1738, -0.5788,  1.1960, -0.3759,  0.5276,  0.1041]],
       grad_fn=<SliceBackward>)
tensor([[ 1.9325, -0.8606,  1.1279,  0.7035, -1.8978,  2.3584,  0.4270, -0.6680,
         -0.9761,  0.9199,  1.8609, -0.9047,  2.0437, -0.5979,  1.1798,  0.2310]],
       grad_fn=<SliceBackward>)
tensor([[ 5.0872e-01, -1.9984e-01,  2.3831e-01,  1.5657e-01, -4.0197e-01,
          5.9017e-01,  1.1233e-01, -1.3805e-01, -2.1986e-01,  2.3396e-01,
          6.3794e-01, -3.2435e-01,  5.2016e-01, -1.9973e-01, -1.0405e-02,
         -2.5708e-04]], grad_fn=<SliceBackward>)
tensor([[ 0.7818, -0.3266,  0.4089,  0.2615, -0.6885,  0.9292,  0.1727, -0.2398,
         -0.3648,  0.3655,  0.8790, -0.4387,  0.8118, -0.2763,  0.2088,  0.0421]],
       grad_fn=<SliceBackward>)
tensor([[ 2.4459, -1.0987,  1.4486,  0.9007, -2.4355,  2.9956,  0.5405, -0.8596,
         -1.2483,  1.1672,  2.3324, -1.1278,  2.5908, -0.7424,  1.5631,  0.3050]],
       grad_fn=<SliceBackward>)
tensor([[-0.1668,  0.1136, -0.1838, -0.1029,  0.3078, -0.2488, -0.0370,  0.1130,
          0.1388, -0.0915,  0.0599, -0.0502, -0.2034, -0.0108, -0.5761, -0.1112]],
       grad_fn=<SliceBackward>)
tensor([[ 0.7344, -0.3045,  0.3793,  0.2432, -0.6381,  0.8703,  0.1622, -0.2225,
         -0.3396,  0.3427,  0.8505, -0.4252,  0.7596, -0.2633,  0.1514,  0.0293]],
       grad_fn=<SliceBackward>)
tensor([[ 1.9605, -0.8735,  1.1453,  0.7142, -1.9251,  2.3928,  0.4332, -0.6791,
         -0.9905,  0.9333,  1.9297, -0.9361,  2.0698, -0.6069,  1.1343,  0.2199]],
       grad_fn=<SliceBackward>)
tensor([[ 0.1146, -0.0169, -0.0080,  0.0051,  0.0127,  0.1006,  0.0252,  0.0082,
         -0.0105,  0.0441,  0.3135, -0.1705,  0.0962, -0.0898, -0.3571, -0.0712]],
       grad_fn=<SliceBackward>)
tensor([[-0.3516,  0.1994, -0.2992, -0.1739,  0.5022, -0.4783, -0.0778,  0.1816,
          0.2370, -0.1805, -0.0943,  0.0222, -0.4025,  0.0408, -0.7327, -0.1449]],
       grad_fn=<SliceBackward>)
tensor([[ 1.3400, -0.5855,  0.7576,  0.4758, -1.2726,  1.6219,  0.2960, -0.4488,
         -0.6612,  0.6344,  1.4018, -0.6864,  1.4047, -0.4335,  0.6104,  0.1171]],
       grad_fn=<SliceBackward>)
tensor([[ 1.7963, -0.7973,  1.0427,  0.6511, -1.7513,  2.1885,  0.3969, -0.6190,
         -0.9034,  0.8542,  1.8101, -0.8793,  1.8916, -0.5615,  0.9645,  0.1869]],
       grad_fn=<SliceBackward>)
tensor([[ 0.7439, -0.3089,  0.3852,  0.2469, -0.6468,  0.8818,  0.1643, -0.2266,
         -0.3446,  0.3472,  0.8829, -0.4411,  0.7666, -0.2667,  0.1247,  0.0213]],
       grad_fn=<SliceBackward>)
tensor([[ 0.6982, -0.2877,  0.3566,  0.2293, -0.5987,  0.8250,  0.1542, -0.2096,
         -0.3203,  0.3252,  0.8459, -0.4238,  0.7172, -0.2540,  0.0834,  0.0129]],
       grad_fn=<SliceBackward>)
tensor([[ 2.1643, -0.9680,  1.2725,  0.7924, -2.1364,  2.6452,  0.4782, -0.7559,
         -1.0985,  1.0314,  2.1560, -1.0441,  2.2825, -0.6654,  1.2227,  0.2359]],
       grad_fn=<SliceBackward>)
tensor([[ 0.2304, -0.0706,  0.0643,  0.0496, -0.1078,  0.2442,  0.0508, -0.0352,
         -0.0719,  0.0998,  0.4350, -0.2293,  0.2165, -0.1228, -0.2911, -0.0615]],
       grad_fn=<SliceBackward>)
tensor([[ 1.5269, -0.6722,  0.8742,  0.5476, -1.4663,  1.8533,  0.3373, -0.5207,
         -0.7602,  0.7243,  1.6001, -0.7815,  1.6002, -0.4871,  0.7096,  0.1331]],
       grad_fn=<SliceBackward>)
tensor([[ 1.9054, -0.8471,  1.1098,  0.6924, -1.8577,  2.3205,  0.4206, -0.6577,
         -0.9586,  0.9059,  1.9459, -0.9498,  2.0020, -0.5965,  0.9926,  0.1874]],
       grad_fn=<SliceBackward>)
tensor([[-0.0450,  0.0573, -0.1079, -0.0563,  0.1827, -0.0984, -0.0101,  0.0676,
          0.0748, -0.0330,  0.1960, -0.1174, -0.0793, -0.0464, -0.5143, -0.1079]],
       grad_fn=<SliceBackward>)
tensor([[ 0.0084,  0.0326, -0.0746, -0.0358,  0.1270, -0.0322,  0.0016,  0.0477,
          0.0465, -0.0073,  0.2462, -0.1414, -0.0230, -0.0615, -0.4762, -0.1012]],
       grad_fn=<SliceBackward>)
tensor([[ 1.2759, -0.5552,  0.7167,  0.4507, -1.1984,  1.5396,  0.2816, -0.4238,
         -0.6250,  0.6029,  1.3936, -0.6873,  1.3282, -0.4194,  0.4861,  0.0870]],
       grad_fn=<SliceBackward>)
tensor([[ 1.9085, -0.8485,  1.1117,  0.6936, -1.8598,  2.3242,  0.4213, -0.6590,
         -0.9602,  0.9074,  1.9688, -0.9609,  2.0021, -0.5981,  0.9612,  0.1799]],
       grad_fn=<SliceBackward>)
tensor([[ 2.2463, -1.0051,  1.3225,  0.8232, -2.2127,  2.7431,  0.4959, -0.7845,
         -1.1391,  1.0700,  2.2797, -1.1094,  2.3613, -0.6937,  1.2108,  0.2261]],
       grad_fn=<SliceBackward>)
tensor([[ 0.2837, -0.0951,  0.0972,  0.0698, -0.1603,  0.3091,  0.0624, -0.0548,
         -0.0993,  0.1252,  0.5054, -0.2654,  0.2682, -0.1397, -0.2812, -0.0648]],
       grad_fn=<SliceBackward>)
tensor([[ 2.0996, -0.9371,  1.2309,  0.7669, -2.0585,  2.5610,  0.4635, -0.7304,
         -1.0613,  0.9994,  2.1619, -1.0535,  2.2029, -0.6528,  1.0839,  0.1984]],
       grad_fn=<SliceBackward>)
tensor([[-0.4247,  0.2334, -0.3450, -0.2021,  0.5805, -0.5694, -0.0940,  0.2087,
          0.2760, -0.2158, -0.1351,  0.0389, -0.4878,  0.0603, -0.8205, -0.1697]],
       grad_fn=<SliceBackward>)
tensor([[ 0.0411,  0.0174, -0.0543, -0.0233,  0.0938,  0.0082,  0.0088,  0.0355,
          0.0293,  0.0084,  0.2923, -0.1647,  0.0078, -0.0715, -0.4739, -0.1042]],
       grad_fn=<SliceBackward>)
tensor([[ 1.9805, -0.8818,  1.1565,  0.7211, -1.9328,  2.4132,  0.4372, -0.6863,
         -0.9981,  0.9420,  2.0719, -1.0114,  2.0729, -0.6199,  0.9685,  0.1716]],
       grad_fn=<SliceBackward>)
tensor([[-0.7191,  0.3699, -0.5288, -0.3151,  0.8883, -0.9345, -0.1590,  0.3183,
          0.4320, -0.3575, -0.4006,  0.1649, -0.8029,  0.1433, -1.0446, -0.2152]],
       grad_fn=<SliceBackward>)
tensor([[-0.0832,  0.0751, -0.1319, -0.0710,  0.2240, -0.1460, -0.0186,  0.0816,
          0.0951, -0.0515,  0.1850, -0.1137, -0.1264, -0.0365, -0.5747, -0.1259]],
       grad_fn=<SliceBackward>)
tensor([[ 1.1613, -0.5020,  0.6451,  0.4067, -1.0761,  1.3972,  0.2562, -0.3813,
         -0.5641,  0.5476,  1.3343, -0.6606,  1.1978, -0.3887,  0.3410,  0.0482]],
       grad_fn=<SliceBackward>)
tensor([[ 1.5591, -0.6864,  0.8934,  0.5594, -1.4916,  1.8905,  0.3441, -0.5296,
         -0.7748,  0.7391,  1.7051, -0.8366,  1.6205, -0.5013,  0.6309,  0.1028]],
       grad_fn=<SliceBackward>)
tensor([[ 1.8690, -0.8301,  1.0868,  0.6783, -1.8149,  2.2747,  0.4125, -0.6448,
         -0.9389,  0.8883,  1.9973, -0.9760,  1.9491, -0.5893,  0.8532,  0.1423]],
       grad_fn=<SliceBackward>)
tensor([[ 0.7192, -0.2970,  0.3690,  0.2370, -0.6137,  0.8490,  0.1586, -0.2169,
         -0.3298,  0.3348,  0.9374, -0.4724,  0.7247, -0.2641,  0.0018, -0.0190]],
       grad_fn=<SliceBackward>)
tensor([[ 1.8958, -0.8424,  1.1034,  0.6885, -1.8417,  2.3077,  0.4184, -0.6540,
         -0.9526,  0.9011,  2.0338, -0.9956,  1.9753, -0.5978,  0.8578,  0.1408]],
       grad_fn=<SliceBackward>)
tensor([[-0.1627,  0.1120, -0.1815, -0.1015,  0.3078, -0.2447, -0.0362,  0.1113,
          0.1374, -0.0897,  0.1238, -0.0858, -0.2150, -0.0146, -0.6508, -0.1427]],
       grad_fn=<SliceBackward>)
tensor([[ 0.7157, -0.2953,  0.3668,  0.2356, -0.6091,  0.8444,  0.1578, -0.2152,
         -0.3277,  0.3330,  0.9446, -0.4772,  0.7182, -0.2637, -0.0140, -0.0256]],
       grad_fn=<SliceBackward>)
tensor([[ 1.9925, -0.8873,  1.1638,  0.7256, -1.9419,  2.4276,  0.4398, -0.6897,
         -1.0037,  0.9476,  2.1409, -1.0473,  2.0746, -0.6258,  0.9088,  0.1428]],
       grad_fn=<SliceBackward>)
tensor([[-0.4517,  0.2460, -0.3620, -0.2125,  0.6099, -0.6031, -0.1000,  0.2188,
          0.2905, -0.2289, -0.1405,  0.0395, -0.5243,  0.0671, -0.8683, -0.1847]],
       grad_fn=<SliceBackward>)
tensor([[-0.6615,  0.3432, -0.4929, -0.2930,  0.8288, -0.8631, -0.1463,  0.2970,
          0.4015, -0.3298, -0.3366,  0.1326, -0.7480,  0.1266, -1.0209, -0.2133]],
       grad_fn=<SliceBackward>)
tensor([[ 1.3566, -0.5923,  0.7666,  0.4814, -1.2745,  1.6370,  0.2992, -0.4572,
         -0.6663,  0.6414,  1.5637, -0.7745,  1.3950, -0.4468,  0.4314,  0.0503]],
       grad_fn=<SliceBackward>)
tensor([[ 1.4485, -0.6349,  0.8240,  0.5167, -1.3701,  1.7508,  0.3195, -0.4915,
         -0.7149,  0.6856,  1.6545, -0.8177,  1.4914, -0.4730,  0.4914,  0.0608]],
       grad_fn=<SliceBackward>)
tensor([[ 0.7364, -0.3047,  0.3795,  0.2434, -0.6277,  0.8685,  0.1623, -0.2253,
         -0.3380,  0.3429,  0.9867, -0.4992,  0.7340, -0.2708, -0.0249, -0.0347]],
       grad_fn=<SliceBackward>)
tensor([[ 1.1652, -0.5035,  0.6471,  0.4079, -1.0744,  1.3997,  0.2570, -0.3856,
         -0.5649,  0.5492,  1.3954, -0.6945,  1.1882, -0.3928,  0.2779,  0.0187]],
       grad_fn=<SliceBackward>)
tensor([[ 1.8736, -0.8318,  1.0892,  0.6797, -1.8121,  2.2772,  0.4134, -0.6505,
         -0.9397,  0.8901,  2.0716, -1.0177,  1.9388, -0.5944,  0.7802,  0.1068]],
       grad_fn=<SliceBackward>)
tensor([[-0.3829,  0.2141, -0.3191, -0.1861,  0.5390, -0.5180, -0.0848,  0.1928,
          0.2542, -0.1958, -0.0649,  0.0022, -0.4556,  0.0470, -0.8385, -0.1804]],
       grad_fn=<SliceBackward>)
tensor([[ 0.5851, -0.2346,  0.2850,  0.1853, -0.4693,  0.6811,  0.1289, -0.1688,
         -0.2579,  0.2700,  0.8569, -0.4386,  0.5695, -0.2284, -0.1465, -0.0623]],
       grad_fn=<SliceBackward>)
tensor([[ 1.9252, -0.8557,  1.1214,  0.6995, -1.8647,  2.3409,  0.4248, -0.6701,
         -0.9669,  0.9149,  2.1371, -1.0505,  1.9886, -0.6099,  0.8102,  0.0999]],
       grad_fn=<SliceBackward>)
tensor([[-0.9963,  0.4984, -0.7020, -0.4215,  1.1781, -1.2779, -0.2203,  0.4221,
          0.5787, -0.4910, -0.6454,  0.2789, -1.1077,  0.2214, -1.2845, -0.2585]],
       grad_fn=<SliceBackward>)
tensor([[ 0.1504, -0.0331,  0.0137,  0.0185, -0.0159,  0.1425,  0.0329, -0.0068,
         -0.0280,  0.0608,  0.4519, -0.2455,  0.1060, -0.1051, -0.4670, -0.1207]],
       grad_fn=<SliceBackward>)
tensor([[ 1.1851, -0.5126,  0.6594,  0.4155, -1.0921,  1.4237,  0.2613, -0.3952,
         -0.5755,  0.5587,  1.4482, -0.7226,  1.2004, -0.4000,  0.2683,  0.0020]],
       grad_fn=<SliceBackward>)
tensor([[ 1.4099, -0.6168,  0.7996,  0.5017, -1.3249,  1.7017,  0.3109, -0.4811,
         -0.6945,  0.6668,  1.6693, -0.8289,  1.4370, -0.4644,  0.4256,  0.0266]],
       grad_fn=<SliceBackward>)
tensor([[ 1.7608, -0.7794,  1.0186,  0.6363, -1.6894,  2.1361,  0.3884, -0.6130,
         -0.8800,  0.8357,  2.0123, -0.9939,  1.8067, -0.5647,  0.6710,  0.0641]],
       grad_fn=<SliceBackward>)
tensor([[ 0.3892, -0.1437,  0.1627,  0.1101, -0.2628,  0.4378,  0.0856, -0.0978,
         -0.1543,  0.1757,  0.6933, -0.3627,  0.3544, -0.1738, -0.3093, -0.0982]],
       grad_fn=<SliceBackward>)
tensor([[ 2.0375, -0.9076,  1.1912,  0.7425, -1.9763,  2.4786,  0.4495, -0.7166,
         -1.0263,  0.9688,  2.2902, -1.1288,  2.0962, -0.6443,  0.8623,  0.0888]],
       grad_fn=<SliceBackward>)
tensor([[ 1.2686, -0.5513,  0.7114,  0.4475, -1.1767,  1.5265,  0.2797, -0.4280,
         -0.6195,  0.5988,  1.5508, -0.7745,  1.2818, -0.4251,  0.3104, -0.0020]],
       grad_fn=<SliceBackward>)
tensor([[ 0.4296, -0.1624,  0.1878,  0.1256, -0.3037,  0.4877,  0.0945, -0.1132,
         -0.1755,  0.1951,  0.7423, -0.3883,  0.3935, -0.1862, -0.2901, -0.0993]],
       grad_fn=<SliceBackward>)
tensor([[ 1.8366, -0.8145,  1.0658,  0.6654, -1.7652,  2.2295,  0.4051, -0.6422,
         -0.9198,  0.8721,  2.1162, -1.0481,  1.8783, -0.5883,  0.7044,  0.0528]],
       grad_fn=<SliceBackward>)
tensor([[-0.5885,  0.3094, -0.4475, -0.2650,  0.7545, -0.7728, -0.1302,  0.2694,
          0.3630, -0.2947, -0.2446,  0.0852, -0.6837,  0.1045, -1.0183, -0.2136]],
       grad_fn=<SliceBackward>)
tensor([[-0.6008,  0.3152, -0.4552, -0.2697,  0.7674, -0.7881, -0.1330,  0.2740,
          0.3695, -0.3007, -0.2553,  0.0901, -0.6979,  0.1080, -1.0286, -0.2161]],
       grad_fn=<SliceBackward>)
tensor([[ 1.1459, -0.4944,  0.6348,  0.4004, -1.0470,  1.3744,  0.2526, -0.3830,
         -0.5545,  0.5397,  1.4567, -0.7316,  1.1444, -0.3914,  0.2036, -0.0289]],
       grad_fn=<SliceBackward>)
tensor([[ 1.3616, -0.5943,  0.7694,  0.4831, -1.2708,  1.6414,  0.3002, -0.4643,
         -0.6686,  0.6435,  1.6721, -0.8352,  1.3704, -0.4533,  0.3526, -0.0077]],
       grad_fn=<SliceBackward>)
tensor([[ 1.7816, -0.7889,  1.0314,  0.6442, -1.7067,  2.1613,  0.3929, -0.6222,
         -0.8906,  0.8456,  2.0879, -1.0352,  1.8119, -0.5735,  0.6478,  0.0339]],
       grad_fn=<SliceBackward>)
tensor([[ 1.0520, -0.4508,  0.5761,  0.3643, -0.9487,  1.2581,  0.2319, -0.3477,
         -0.5046,  0.4945,  1.3761, -0.6943,  1.0408, -0.3652,  0.1277, -0.0462]],
       grad_fn=<SliceBackward>)
tensor([[ 2.1648, -0.9665,  1.2705,  0.7912, -2.1035,  2.6356,  0.4775, -0.7666,
         -1.0931,  1.0299,  2.4783, -1.2251,  2.2120, -0.6840,  0.9090,  0.0665]],
       grad_fn=<SliceBackward>)
tensor([[-0.1190,  0.0919, -0.1546, -0.0849,  0.2679, -0.1917, -0.0266,  0.0921,
          0.1147, -0.0689,  0.2289, -0.1439, -0.1963, -0.0305, -0.7058, -0.1710]],
       grad_fn=<SliceBackward>)
tensor([[ 0.2259, -0.0679,  0.0606,  0.0474, -0.0898,  0.2352,  0.0495, -0.0377,
         -0.0676,  0.0970,  0.5724, -0.3097,  0.1655, -0.1294, -0.4658, -0.1378]],
       grad_fn=<SliceBackward>)
tensor([[ 1.6406e+00, -7.2299e-01,  9.4257e-01,  5.8963e-01, -1.5535e+00,
          1.9844e+00,  3.6151e-01, -5.6864e-01, -8.1261e-01,  7.7708e-01,
          1.9776e+00, -9.9005e-01,  1.6524e+00, -5.3752e-01,  5.2620e-01,
          1.7927e-03]], grad_fn=<SliceBackward>)
tensor([[ 0.3117, -0.1075,  0.1138,  0.0801, -0.1769,  0.3405,  0.0683, -0.0693,
         -0.1117,  0.1381,  0.6628, -0.3546,  0.2529, -0.1553, -0.4116, -0.1326]],
       grad_fn=<SliceBackward>)
tensor([[-0.5090,  0.2726, -0.3980, -0.2346,  0.6733, -0.6746, -0.1127,  0.2391,
          0.3212, -0.2566, -0.1507,  0.0382, -0.6121,  0.0807, -0.9900, -0.2139]],
       grad_fn=<SliceBackward>)
tensor([[ 1.2420, -0.5383,  0.6939,  0.4368, -1.1395,  1.4912,  0.2736, -0.4188,
         -0.6021,  0.5854,  1.5969, -0.8072,  1.2275, -0.4238,  0.2339, -0.0459]],
       grad_fn=<SliceBackward>)
tensor([[ 1.3044, -0.5672,  0.7328,  0.4607, -1.2039,  1.5684,  0.2873, -0.4423,
         -0.6350,  0.6154,  1.6631, -0.8391,  1.2913, -0.4419,  0.2739, -0.0414]],
       grad_fn=<SliceBackward>)
tensor([[ 1.2999, -0.5651,  0.7300,  0.4589, -1.1987,  1.5627,  0.2863, -0.4407,
         -0.6325,  0.6132,  1.6634, -0.8398,  1.2845, -0.4410,  0.2685, -0.0458]],
       grad_fn=<SliceBackward>)
tensor([[ 1.0300, -0.4401,  0.5617,  0.3555, -0.9189,  1.2288,  0.2268, -0.3398,
         -0.4902,  0.4834,  1.3980, -0.7119,  0.9991, -0.3634,  0.0755, -0.0732]],
       grad_fn=<SliceBackward>)
tensor([[ 1.7927, -0.7933,  1.0372,  0.6478, -1.7070,  2.1719,  0.3950, -0.6269,
         -0.8921,  0.8501,  2.1692, -1.0871,  1.7978, -0.5841,  0.6051, -0.0060]],
       grad_fn=<SliceBackward>)
tensor([[-0.1548,  0.1086, -0.1772, -0.0988,  0.3078, -0.2366, -0.0346,  0.1056,
          0.1345, -0.0863,  0.2147, -0.1400, -0.2475, -0.0222, -0.7596, -0.1843]],
       grad_fn=<SliceBackward>)
tensor([[ 0.6636, -0.2704,  0.3331,  0.2149, -0.5382,  0.7754,  0.1459, -0.2021,
         -0.2968,  0.3072,  1.0419, -0.5422,  0.6091, -0.2588, -0.1903, -0.1137]],
       grad_fn=<SliceBackward>)
tensor([[ 2.0140e+00, -8.9568e-01,  1.1751e+00,  7.3258e-01, -1.9331e+00,
          2.4452e+00,  4.4377e-01, -7.1028e-01, -1.0086e+00,  9.5637e-01,
          2.4112e+00, -1.2089e+00,  2.0226e+00, -6.4993e-01,  7.4912e-01,
         -9.6098e-05]], grad_fn=<SliceBackward>)
tensor([[-0.3016,  0.1767, -0.2688, -0.1551,  0.4604, -0.4183, -0.0670,  0.1607,
          0.2120, -0.1569,  0.0726, -0.0719, -0.4055,  0.0197, -0.8700, -0.2000]],
       grad_fn=<SliceBackward>)
tensor([[-0.3309,  0.1902, -0.2871, -0.1663,  0.4908, -0.4546, -0.0735,  0.1717,
          0.2275, -0.1710,  0.0446, -0.0586, -0.4380,  0.0281, -0.8924, -0.2032]],
       grad_fn=<SliceBackward>)
tensor([[ 1.0607, -0.4542,  0.5806,  0.3671, -0.9469,  1.2662,  0.2335, -0.3520,
         -0.5061,  0.4980,  1.4609, -0.7478,  1.0174, -0.3749,  0.0725, -0.0881]],
       grad_fn=<SliceBackward>)
tensor([[ 1.2789, -0.5552,  0.7166,  0.4507, -1.1721,  1.5360,  0.2816, -0.4341,
         -0.6210,  0.6029,  1.6861, -0.8575,  1.2438, -0.4382,  0.2213, -0.0713]],
       grad_fn=<SliceBackward>)
tensor([[-1.1006,  0.5467, -0.7670, -0.4614,  1.2864, -1.4064, -0.2432,  0.4612,
          0.6332, -0.5410, -0.7340,  0.3199, -1.2478,  0.2507, -1.4351, -0.2679]],
       grad_fn=<SliceBackward>)
tensor([[ 0.2216, -0.0656,  0.0573,  0.0454, -0.0791,  0.2285,  0.0484, -0.0363,
         -0.0636,  0.0946,  0.6166, -0.3381,  0.1336, -0.1326, -0.5203, -0.1621]],
       grad_fn=<SliceBackward>)
tensor([[ 2.1714, -0.9684,  1.2730,  0.7928, -2.0921,  2.6394,  0.4784, -0.7703,
         -1.0911,  1.0319,  2.6153, -1.3128,  2.1691, -0.6981,  0.8280, -0.0096]],
       grad_fn=<SliceBackward>)
tensor([[ 0.1559, -0.0351,  0.0163,  0.0202, -0.0107,  0.1472,  0.0339, -0.0118,
         -0.0290,  0.0630,  0.5551, -0.3090,  0.0615, -0.1139, -0.5716, -0.1695]],
       grad_fn=<SliceBackward>)
tensor([[ 0.3624, -0.1307,  0.1451,  0.0994, -0.2236,  0.4025,  0.0794, -0.0895,
         -0.1378,  0.1622,  0.7701, -0.4144,  0.2749, -0.1740, -0.4320, -0.1559]],
       grad_fn=<SliceBackward>)
tensor([[ 1.9170, -0.8505,  1.1142,  0.6952, -1.8265,  2.3244,  0.4222, -0.6743,
         -0.9563,  0.9094,  2.3745, -1.1994,  1.8944, -0.6265,  0.6367, -0.0431]],
       grad_fn=<SliceBackward>)
tensor([[-0.8855,  0.4471, -0.6330, -0.3790,  1.0647, -1.1405, -0.1958,  0.3799,
          0.5198, -0.4377, -0.5107,  0.2105, -1.0297,  0.1880, -1.2978, -0.2505]],
       grad_fn=<SliceBackward>)
tensor([[ 0.9128, -0.3854,  0.4879,  0.3102, -0.7884,  1.0824,  0.2007, -0.2964,
         -0.4270,  0.4266,  1.3487, -0.7005,  0.8424, -0.3359, -0.0622, -0.1207]],
       grad_fn=<SliceBackward>)
tensor([[ 0.8114, -0.3385,  0.4247,  0.2713, -0.6831,  0.9569,  0.1784, -0.2594,
         -0.3737,  0.3779,  1.2483, -0.6521,  0.7345, -0.3067, -0.1355, -0.1297]],
       grad_fn=<SliceBackward>)
tensor([[ 1.1661, -0.5027,  0.6458,  0.4072, -1.0482,  1.3953,  0.2566, -0.3931,
         -0.5604,  0.5483,  1.6198, -0.8344,  1.1014, -0.4103,  0.1045, -0.1056]],
       grad_fn=<SliceBackward>)
tensor([[ 0.9310, -0.3938,  0.4992,  0.3171, -0.8054,  1.1046,  0.2047, -0.3045,
         -0.4364,  0.4353,  1.3798, -0.7180,  0.8544, -0.3423, -0.0586, -0.1244]],
       grad_fn=<SliceBackward>)
tensor([[ 0.5617, -0.2228,  0.2690,  0.1756, -0.4246,  0.6482,  0.1233, -0.1654,
         -0.2419,  0.2578,  0.9997, -0.5322,  0.4681, -0.2350, -0.3159, -0.1521]],
       grad_fn=<SliceBackward>)
tensor([[ 1.8146, -0.8014,  1.0480,  0.6545, -1.7051,  2.1917,  0.3989, -0.6321,
         -0.8949,  0.8585,  2.3077, -1.1806,  1.7644, -0.6061,  0.5384, -0.0685]],
       grad_fn=<SliceBackward>)
tensor([[-0.4618,  0.2510, -0.3690, -0.2167,  0.6294, -0.6171, -0.1024,  0.2202,
          0.2971, -0.2341, -0.0626, -0.0097, -0.5986,  0.0636, -1.0248, -0.2229]],
       grad_fn=<SliceBackward>)
tensor([[ 0.2912, -0.0971,  0.0997,  0.0715, -0.1423,  0.3119,  0.0634, -0.0616,
         -0.0972,  0.1273,  0.7263, -0.4001,  0.1800, -0.1583, -0.5115, -0.1750]],
       grad_fn=<SliceBackward>)
tensor([[ 1.6459, -0.7232,  0.9427,  0.5898, -1.5289,  1.9828,  0.3616, -0.5689,
         -0.8059,  0.7773,  2.1487, -1.1053,  1.5803, -0.5586,  0.4143, -0.0908]],
       grad_fn=<SliceBackward>)
tensor([[-1.2040,  0.5942, -0.8311, -0.5007,  1.3901, -1.5328, -0.2659,  0.4979,
          0.6856, -0.5903, -0.8369,  0.3734, -1.3704,  0.2823, -1.5429, -0.2693]],
       grad_fn=<SliceBackward>)
tensor([[ 0.7469, -0.3076,  0.3831,  0.2458, -0.6074,  0.8738,  0.1637, -0.2326,
         -0.3354,  0.3459,  1.2147, -0.6429,  0.6452, -0.2938, -0.2078, -0.1513]],
       grad_fn=<SliceBackward>)
tensor([[ 1.0220, -0.4348,  0.5544,  0.3511, -0.8888,  1.2131,  0.2242, -0.3361,
         -0.4794,  0.4779,  1.5082, -0.7884,  0.9273, -0.3752, -0.0221, -0.1354]],
       grad_fn=<SliceBackward>)
tensor([[ 0.8770, -0.3678,  0.4641,  0.2956, -0.7399,  1.0341,  0.1923, -0.2825,
         -0.4037,  0.4083,  1.3591, -0.7146,  0.7753, -0.3326, -0.1241, -0.1450]],
       grad_fn=<SliceBackward>)
tensor([[ 0.3020, -0.1019,  0.1062,  0.0755, -0.1509,  0.3248,  0.0657, -0.0670,
         -0.1026,  0.1323,  0.7565, -0.4166,  0.1788, -0.1630, -0.5218, -0.1820]],
       grad_fn=<SliceBackward>)
tensor([[ 0.4991, -0.1930,  0.2288,  0.1509, -0.3518,  0.5676,  0.1091, -0.1418,
         -0.2058,  0.2269,  0.9682, -0.5223,  0.3800, -0.2216, -0.3897, -0.1714]],
       grad_fn=<SliceBackward>)
tensor([[ 1.7614, -0.7764,  1.0144,  0.6339, -1.6420,  2.1244,  0.3870, -0.6165,
         -0.8665,  0.8326,  2.3108, -1.1899,  1.6790, -0.5957,  0.4712, -0.0998]],
       grad_fn=<SliceBackward>)
tensor([[ 0.0299,  0.0239, -0.0633, -0.0286,  0.1286, -0.0111,  0.0058,  0.0345,
          0.0398,  0.0017,  0.4765, -0.2789, -0.1070, -0.0832, -0.7171, -0.2006]],
       grad_fn=<SliceBackward>)
tensor([[ 0.4593, -0.1746,  0.2040,  0.1357, -0.3097,  0.5184,  0.1003, -0.1275,
         -0.1850,  0.2078,  0.9365, -0.5083,  0.3323, -0.2108, -0.4257, -0.1780]],
       grad_fn=<SliceBackward>)
tensor([[ 1.8541, -0.8192,  1.0720,  0.6693, -1.7344,  2.2383,  0.4074, -0.6528,
         -0.9151,  0.8770,  2.4278, -1.2507,  1.7643, -0.6246,  0.5253, -0.1039]],
       grad_fn=<SliceBackward>)
tensor([[-0.4067,  0.2257, -0.3350, -0.1957,  0.5756, -0.5496, -0.0904,  0.1983,
          0.2683, -0.2078,  0.0180, -0.0518, -0.5617,  0.0456, -1.0231, -0.2271]],
       grad_fn=<SliceBackward>)
tensor([[-0.3164,  0.1840, -0.2790, -0.1612,  0.4844, -0.4391, -0.0705,  0.1641,
          0.2213, -0.1646,  0.1159, -0.1008, -0.4712,  0.0184, -0.9638, -0.2227]],
       grad_fn=<SliceBackward>)
tensor([[ 0.7175, -0.2935,  0.3640,  0.2341, -0.5671,  0.8330,  0.1569, -0.2273,
         -0.3193,  0.3312,  1.2266, -0.6563,  0.5873, -0.2902, -0.2615, -0.1704]],
       grad_fn=<SliceBackward>)
tensor([[ 1.1753, -0.5049,  0.6486,  0.4091, -1.0323,  1.3962,  0.2576, -0.4009,
         -0.5587,  0.5506,  1.7213, -0.9038,  1.0540, -0.4269,  0.0483, -0.1482]],
       grad_fn=<SliceBackward>)
tensor([[ 1.8753, -0.8281,  1.0839,  0.6767, -1.7438,  2.2574,  0.4116, -0.6659,
         -0.9246,  0.8862,  2.4784, -1.2830,  1.7675, -0.6361,  0.5249, -0.1160]],
       grad_fn=<SliceBackward>)
tensor([[ 0.5434, -0.2130,  0.2556,  0.1675, -0.3891,  0.6186,  0.1186, -0.1617,
         -0.2283,  0.2476,  1.0498, -0.5688,  0.4016, -0.2389, -0.3883, -0.1819]],
       grad_fn=<SliceBackward>)
tensor([[ 1.8260, -0.8032,  1.0503,  0.6560, -1.6817,  2.1891,  0.3997, -0.6415,
         -0.8902,  0.8603,  2.4306, -1.2651,  1.7057, -0.6277,  0.4847, -0.1172]],
       grad_fn=<SliceBackward>)
tensor([[ 0.3635, -0.1291,  0.1426,  0.0980, -0.2018,  0.3944,  0.0786, -0.0916,
         -0.1310,  0.1605,  0.8603, -0.4755,  0.2122, -0.1874, -0.5179, -0.1926]],
       grad_fn=<SliceBackward>)
tensor([[ 0.2708, -0.0864,  0.0850,  0.0626, -0.1077,  0.2806,  0.0583, -0.0567,
         -0.0828,  0.1162,  0.7636, -0.4272,  0.1155, -0.1597, -0.5841, -0.1985]],
       grad_fn=<SliceBackward>)
tensor([[ 1.7372, -0.7622,  0.9951,  0.6221, -1.5906,  2.0799,  0.3802, -0.6082,
         -0.8438,  0.8178,  2.3515, -1.2263,  1.6045, -0.6019,  0.4168, -0.1327]],
       grad_fn=<SliceBackward>)
tensor([[-1.2905,  0.6332, -0.8840, -0.5331,  1.4712, -1.6351, -0.2845,  0.5305,
          0.7272, -0.6309, -0.9215,  0.4203, -1.4745,  0.3109, -1.6572, -0.2693]],
       grad_fn=<SliceBackward>)
tensor([[-0.1598,  0.1122, -0.1823, -0.1017,  0.3286, -0.2480, -0.0363,  0.1048,
          0.1408, -0.0899,  0.3056, -0.1976, -0.3280, -0.0305, -0.8864, -0.2205]],
       grad_fn=<SliceBackward>)
tensor([[ 1.4523, -0.6307,  0.8180,  0.5133, -1.2997,  1.7296,  0.3176, -0.5028,
         -0.6953,  0.6813,  2.0594, -1.0816,  1.3045, -0.5175,  0.2170, -0.1529]],
       grad_fn=<SliceBackward>)
tensor([[ 0.9277, -0.3890,  0.4925,  0.3132, -0.7696,  1.0861,  0.2024, -0.3053,
         -0.4232,  0.4303,  1.4930, -0.7962,  0.7706, -0.3593, -0.1457, -0.1748]],
       grad_fn=<SliceBackward>)
tensor([[ 1.5928, -0.6955,  0.9052,  0.5669, -1.4411,  1.9019,  0.3484, -0.5560,
         -0.7681,  0.7485,  2.2213, -1.1637,  1.4405, -0.5604,  0.3085, -0.1499]],
       grad_fn=<SliceBackward>)
tensor([[ 1.0143, -0.4289,  0.5461,  0.3462, -0.8565,  1.1922,  0.2214, -0.3380,
         -0.4680,  0.4717,  1.5954, -0.8485,  0.8525, -0.3858, -0.0921, -0.1743]],
       grad_fn=<SliceBackward>)
tensor([[ 1.5665, -0.6833,  0.8888,  0.5568, -1.4139,  1.8696,  0.3426, -0.5463,
         -0.7545,  0.7359,  2.2025, -1.1554,  1.4076, -0.5531,  0.2849, -0.1547]],
       grad_fn=<SliceBackward>)
tensor([[ 0.0606,  0.0107, -0.0458, -0.0177,  0.1072,  0.0222,  0.0121,  0.0213,
          0.0265,  0.0154,  0.5610, -0.3274, -0.1149, -0.0980, -0.7534, -0.2130]],
       grad_fn=<SliceBackward>)
tensor([[ 0.8764, -0.3653,  0.4604,  0.2935, -0.7159,  1.0229,  0.1911, -0.2860,
         -0.3966,  0.4057,  1.4565, -0.7809,  0.7052, -0.3452, -0.1944, -0.1840]],
       grad_fn=<SliceBackward>)
tensor([[ 1.7265, -0.7569,  0.9879,  0.6177, -1.5730,  2.0654,  0.3777, -0.6069,
         -0.8376,  0.8123,  2.3926, -1.2555,  1.5579, -0.6031,  0.3904, -0.1565]],
       grad_fn=<SliceBackward>)
tensor([[-1.0080,  0.5031, -0.7089, -0.4253,  1.1862, -1.2886, -0.2225,  0.4239,
          0.5807, -0.4958, -0.6042,  0.2613, -1.1944,  0.2252, -1.4986, -0.2517]],
       grad_fn=<SliceBackward>)
tensor([[-0.1360,  0.1013, -0.1679, -0.0927,  0.3077, -0.2202, -0.0311,  0.0940,
          0.1281, -0.0787,  0.3551, -0.2252, -0.3199, -0.0394, -0.8991, -0.2226]],
       grad_fn=<SliceBackward>)
tensor([[ 0.8617, -0.3581,  0.4507,  0.2875, -0.6945,  1.0000,  0.1877, -0.2853,
         -0.3899,  0.3982,  1.4578, -0.7856,  0.6783, -0.3430, -0.2154, -0.1900]],
       grad_fn=<SliceBackward>)
tensor([[ 0.9558, -0.4014,  0.5090,  0.3234, -0.7885,  1.1150,  0.2083, -0.3211,
         -0.4383,  0.4432,  1.5650, -0.8406,  0.7699, -0.3720, -0.1530, -0.1867]],
       grad_fn=<SliceBackward>)
tensor([[ 0.4133, -0.1515,  0.1726,  0.1166, -0.2432,  0.4515,  0.0893, -0.1148,
         -0.1567,  0.1838,  0.9697, -0.5385,  0.2241, -0.2073, -0.5293, -0.2063]],
       grad_fn=<SliceBackward>)
tensor([[ 0.7222, -0.2938,  0.3640,  0.2343, -0.5531,  0.8292,  0.1571, -0.2324,
         -0.3169,  0.3315,  1.3144, -0.7147,  0.5302, -0.3016, -0.3179, -0.1975]],
       grad_fn=<SliceBackward>)
tensor([[ 2.2339, -0.9898,  1.3014,  0.8105, -2.0703,  2.6781,  0.4886, -0.8072,
         -1.1014,  1.0541,  2.9940, -1.5719,  2.0337, -0.7627,  0.7251, -0.1522]],
       grad_fn=<SliceBackward>)
tensor([[-0.1183,  0.0933, -0.1573, -0.0861,  0.2916, -0.1990, -0.0273,  0.0869,
          0.1192, -0.0704,  0.3888, -0.2442, -0.3112, -0.0461, -0.9038, -0.2238]],
       grad_fn=<SliceBackward>)
tensor([[ 0.7875, -0.3238,  0.4044,  0.2591, -0.6166,  0.9085,  0.1714, -0.2583,
         -0.3509,  0.3626,  1.3992, -0.7608,  0.5869, -0.3228, -0.2801, -0.1994]],
       grad_fn=<SliceBackward>)
tensor([[ 1.7750, -0.7783,  1.0164,  0.6354, -1.6046,  2.1149,  0.3878, -0.6343,
         -0.8633,  0.8345,  2.5036, -1.3268,  1.5641, -0.6257,  0.4007, -0.1752]],
       grad_fn=<SliceBackward>)
tensor([[ 0.4958, -0.1892,  0.2232,  0.1478, -0.3206,  0.5494,  0.1073, -0.1488,
         -0.1994,  0.2230,  1.0812, -0.5999,  0.2929, -0.2354, -0.4869, -0.2096]],
       grad_fn=<SliceBackward>)
tensor([[-0.3779,  0.2130, -0.3185, -0.1852,  0.5533, -0.5172, -0.0843,  0.1854,
          0.2541, -0.1946,  0.1075, -0.1016, -0.5749,  0.0322, -1.0938, -0.2318]],
       grad_fn=<SliceBackward>)
tensor([[ 1.0874, -0.4613,  0.5895,  0.3730, -0.9088,  1.2693,  0.2369, -0.3780,
         -0.5061,  0.5054,  1.7512, -0.9458,  0.8704, -0.4185, -0.0813, -0.1990]],
       grad_fn=<SliceBackward>)
tensor([[ 1.2858, -0.5525,  0.7124,  0.4485, -1.1065,  1.5111,  0.2803, -0.4543,
         -0.6089,  0.6001,  1.9769, -1.0621,  1.0636, -0.4798,  0.0547, -0.1949]],
       grad_fn=<SliceBackward>)
tensor([[ 1.0074, -0.4243,  0.5397,  0.3424, -0.8279,  1.1713,  0.2193, -0.3470,
         -0.4639,  0.4670,  1.6685, -0.9047,  0.7867, -0.3949, -0.1415, -0.2027]],
       grad_fn=<SliceBackward>)
tensor([[ 0.6526, -0.2610,  0.3197,  0.2072, -0.4702,  0.7348,  0.1415, -0.2147,
         -0.2801,  0.2975,  1.2746, -0.7037,  0.4350, -0.2870, -0.3907, -0.2107]],
       grad_fn=<SliceBackward>)
tensor([[ 1.6587, -0.7238,  0.9430,  0.5903, -1.4692,  1.9569,  0.3619, -0.6056,
         -0.8018,  0.7779,  2.4138, -1.2920,  1.4206, -0.5989,  0.3034, -0.1925]],
       grad_fn=<SliceBackward>)
tensor([[ 0.0952, -0.0045, -0.0258, -0.0051,  0.0845,  0.0571,  0.0193,  0.0013,
          0.0089,  0.0312,  0.6530, -0.3844, -0.1164, -0.1154, -0.7824, -0.2223]],
       grad_fn=<SliceBackward>)
tensor([[ 0.9863, -0.4144,  0.5262,  0.3342, -0.8003,  1.1397,  0.2145, -0.3445,
         -0.4529,  0.4567,  1.6632, -0.9069,  0.7547, -0.3918, -0.1676, -0.2069]],
       grad_fn=<SliceBackward>)
tensor([[ 1.5680, -0.6817,  0.8862,  0.5555, -1.3757,  1.8449,  0.3418, -0.5711,
         -0.7549,  0.7342,  2.3265, -1.2516,  1.3212, -0.5736,  0.2329, -0.1984]],
       grad_fn=<SliceBackward>)
tensor([[-0.5208,  0.2788, -0.4076, -0.2397,  0.6968, -0.6914, -0.1157,  0.2404,
          0.3284, -0.2630, -0.0374, -0.0284, -0.7227,  0.0749, -1.2177, -0.2345]],
       grad_fn=<SliceBackward>)
tensor([[ 1.5149, -0.6572,  0.8533,  0.5352, -1.3223,  1.7804,  0.3302, -0.5507,
         -0.7272,  0.7088,  2.2758, -1.2271,  1.2629, -0.5580,  0.1922, -0.2029]],
       grad_fn=<SliceBackward>)
tensor([[ 0.5662, -0.2209,  0.2655,  0.1740, -0.3799,  0.6276,  0.1224, -0.1832,
         -0.2358,  0.2558,  1.2022, -0.6718,  0.3344, -0.2637, -0.4686, -0.2180]],
       grad_fn=<SliceBackward>)
tensor([[ 1.3230, -0.5688,  0.7340,  0.4620, -1.1294,  1.5458,  0.2881, -0.4781,
         -0.6286,  0.6170,  2.0664, -1.1205,  1.0694, -0.4993,  0.0538, -0.2067]],
       grad_fn=<SliceBackward>)
tensor([[ 1.4136, -0.6104,  0.7901,  0.4965, -1.2188,  1.6557,  0.3079, -0.5135,
         -0.6755,  0.6602,  2.1728, -1.1771,  1.1549, -0.5280,  0.1165, -0.2062]],
       grad_fn=<SliceBackward>)
tensor([[ 0.9554, -0.3997,  0.5063,  0.3220, -0.7647,  1.0997,  0.2076, -0.3349,
         -0.4376,  0.4415,  1.6548, -0.9087,  0.7066, -0.3857, -0.2051, -0.2137]],
       grad_fn=<SliceBackward>)
tensor([[ 2.0522, -0.9039,  1.1853,  0.7394, -1.8500,  2.4302,  0.4477, -0.7621,
         -1.0065,  0.9649,  2.9097, -1.5643,  1.7687, -0.7287,  0.5576, -0.1984]],
       grad_fn=<SliceBackward>)
tensor([[ 0.8576, -0.3546,  0.4455,  0.2847, -0.6666,  0.9806,  0.1861, -0.2967,
         -0.3868,  0.3947,  1.5505, -0.8574,  0.6066, -0.3568, -0.2773, -0.2167]],
       grad_fn=<SliceBackward>)
tensor([[ 0.5204, -0.1995,  0.2365,  0.1563, -0.3321,  0.5712,  0.1122, -0.1650,
         -0.2113,  0.2336,  1.1686, -0.6594,  0.2767, -0.2524, -0.5152, -0.2223]],
       grad_fn=<SliceBackward>)
tensor([[ 1.5902, -0.6885,  0.8952,  0.5611, -1.3789,  1.8600,  0.3451, -0.5778,
         -0.7567,  0.7413,  2.3919, -1.3031,  1.3025, -0.5929,  0.2236, -0.2123]],
       grad_fn=<SliceBackward>)
tensor([[ 0.5162, -0.1961,  0.2319,  0.1535, -0.3216,  0.5613,  0.1106, -0.1616,
         -0.2043,  0.2301,  1.1671, -0.6608,  0.2659, -0.2542, -0.5248, -0.2241]],
       grad_fn=<SliceBackward>)
tensor([[-0.6215,  0.3250, -0.4702, -0.2779,  0.7966, -0.8131, -0.1377,  0.2789,
          0.3796, -0.3109, -0.1325,  0.0211, -0.8302,  0.1054, -1.3176, -0.2354]],
       grad_fn=<SliceBackward>)
tensor([[ 0.9928, -0.4144,  0.5259,  0.3342, -0.7894,  1.1368,  0.2145, -0.3466,
         -0.4491,  0.4568,  1.7204, -0.9524,  0.7187, -0.4054, -0.1987, -0.2201]],
       grad_fn=<SliceBackward>)
tensor([[ 1.0441, -0.4379,  0.5575,  0.3536, -0.8395,  1.1988,  0.2257, -0.3666,
         -0.4754,  0.4811,  1.7831, -0.9859,  0.7651, -0.4218, -0.1658, -0.2199]],
       grad_fn=<SliceBackward>)
tensor([[ 1.0960, -0.4616,  0.5894,  0.3733, -0.8898,  1.2613,  0.2370, -0.3867,
         -0.5018,  0.5057,  1.8475, -1.0212,  0.8116, -0.4389, -0.1324, -0.2211]],
       grad_fn=<SliceBackward>)
tensor([[ 0.9277, -0.3845,  0.4855,  0.3094, -0.7242,  1.0579,  0.2003, -0.3214,
         -0.4151,  0.4257,  1.6573, -0.9220,  0.6479, -0.3860, -0.2515, -0.2226]],
       grad_fn=<SliceBackward>)
tensor([[ 1.9170, -0.8375,  1.0957,  0.6844, -1.6945,  2.2524,  0.4161, -0.7047,
         -0.9225,  0.8960,  2.8017, -1.5271,  1.5904, -0.7004,  0.4338, -0.2191]],
       grad_fn=<SliceBackward>)
tensor([[-0.1720,  0.1192, -0.1932, -0.1076,  0.3562, -0.2704, -0.0396,  0.1044,
          0.1490, -0.0973,  0.3964, -0.2586, -0.4072, -0.0379, -1.0211, -0.2296]],
       grad_fn=<SliceBackward>)
tensor([[ 1.1212, -0.4729,  0.6045,  0.3826, -0.9121,  1.2911,  0.2424, -0.3966,
         -0.5144,  0.5175,  1.8930, -1.0503,  0.8230, -0.4490, -0.1245, -0.2249]],
       grad_fn=<SliceBackward>)
tensor([[ 1.6316, -0.7067,  0.9193,  0.5761, -1.4125,  1.9074,  0.3537, -0.5943,
         -0.7763,  0.7601,  2.4890, -1.3661,  1.3053, -0.6116,  0.2275, -0.2258]],
       grad_fn=<SliceBackward>)
tensor([[-0.4961,  0.2677, -0.3933, -0.2304,  0.6746, -0.6619, -0.1103,  0.2298,
          0.3151, -0.2514,  0.0266, -0.0644, -0.7186,  0.0646, -1.2532, -0.2298]],
       grad_fn=<SliceBackward>)
tensor([[ 0.4187, -0.1508,  0.1704,  0.1160, -0.2185,  0.4383,  0.0890, -0.1280,
         -0.1558,  0.1831,  1.0908, -0.6285,  0.1464, -0.2265, -0.6209, -0.2292]],
       grad_fn=<SliceBackward>)
tensor([[ 1.1974, -0.5071,  0.6503,  0.4109, -0.9782,  1.3743,  0.2587, -0.4329,
         -0.5569,  0.5529,  1.9997, -1.1110,  0.8811, -0.4746, -0.0835, -0.2283]],
       grad_fn=<SliceBackward>)
tensor([[ 1.2197, -0.5172,  0.6639,  0.4193, -0.9998,  1.4011,  0.2635, -0.4417,
         -0.5683,  0.5635,  2.0279, -1.1270,  0.8991, -0.4820, -0.0686, -0.2304]],
       grad_fn=<SliceBackward>)
tensor([[-0.1136,  0.0927, -0.1578, -0.0856,  0.3014, -0.2017, -0.0270,  0.0802,
          0.1183, -0.0697,  0.4804, -0.3055, -0.3617, -0.0577, -0.9989, -0.2294]],
       grad_fn=<SliceBackward>)
tensor([[ 0.4574, -0.1685,  0.1940,  0.1306, -0.2555,  0.4846,  0.0974, -0.1434,
         -0.1758,  0.2014,  1.1478, -0.6609,  0.1747, -0.2397, -0.6039, -0.2302]],
       grad_fn=<SliceBackward>)
tensor([[ 1.9806, -0.8652,  1.1326,  0.7074, -1.7410,  2.3155,  0.4293, -0.7403,
         -0.9604,  0.9247,  2.9298, -1.6098,  1.6057, -0.7256,  0.4524, -0.2341]],
       grad_fn=<SliceBackward>)
tensor([[ 0.2096, -0.0551,  0.0411,  0.0367, -0.0133,  0.1866,  0.0434, -0.0467,
         -0.0483,  0.0837,  0.8647, -0.5116, -0.0620, -0.1613, -0.7811, -0.2299]],
       grad_fn=<SliceBackward>)
tensor([[ 0.9962, -0.4149,  0.5258,  0.3346, -0.7801,  1.1321,  0.2148, -0.3550,
         -0.4535,  0.4572,  1.7884, -1.0046,  0.6720, -0.4125, -0.2363, -0.2325]],
       grad_fn=<SliceBackward>)
tensor([[ 1.2768, -0.5431,  0.6985,  0.4407, -1.0529,  1.4690,  0.2758, -0.4652,
         -0.5980,  0.5904,  2.1222, -1.1838,  0.9310, -0.5028, -0.0439, -0.2346]],
       grad_fn=<SliceBackward>)
tensor([[-1.0380,  0.5156, -0.7279, -0.4357,  1.2035, -1.3130, -0.2284,  0.4420,
          0.5942, -0.5088, -0.5924,  0.2639, -1.2313,  0.2364, -1.6557, -0.2255]],
       grad_fn=<SliceBackward>)
tensor([[-0.4354,  0.2400, -0.3567, -0.2075,  0.6164, -0.5889, -0.0972,  0.2056,
          0.2837, -0.2227,  0.1168, -0.1151, -0.6707,  0.0437, -1.2386, -0.2287]],
       grad_fn=<SliceBackward>)
tensor([[ 0.7032, -0.2805,  0.3446,  0.2234, -0.4912,  0.7781,  0.1508, -0.2425,
         -0.3042,  0.3177,  1.4611, -0.8342,  0.3865, -0.3208, -0.4507, -0.2339]],
       grad_fn=<SliceBackward>)
tensor([[ 1.3041, -0.5552,  0.7147,  0.4508, -1.0754,  1.4996,  0.2816, -0.4790,
         -0.6143,  0.6029,  2.1729, -1.2159,  0.9418, -0.5134, -0.0356, -0.2366]],
       grad_fn=<SliceBackward>)
tensor([[ 0.4018, -0.1427,  0.1587,  0.1093, -0.1974,  0.4161,  0.0851, -0.1240,
         -0.1484,  0.1746,  1.1117, -0.6487,  0.1020, -0.2250, -0.6651, -0.2327]],
       grad_fn=<SliceBackward>)
tensor([[ 0.4682, -0.1730,  0.1995,  0.1344, -0.2617,  0.4958,  0.0996, -0.1501,
         -0.1825,  0.2061,  1.1928, -0.6931,  0.1614, -0.2466, -0.6212, -0.2330]],
       grad_fn=<SliceBackward>)
tensor([[ 1.8697, -0.8137,  1.0627,  0.6647, -1.6243,  2.1783,  0.4047, -0.7016,
         -0.9057,  0.8712,  2.8516, -1.5858,  1.4514, -0.6964,  0.3542, -0.2416]],
       grad_fn=<SliceBackward>)
tensor([[ 0.3534, -0.1205,  0.1286,  0.0909, -0.1495,  0.3578,  0.0745, -0.1050,
         -0.1234,  0.1516,  1.0629, -0.6252,  0.0517, -0.2105, -0.7062, -0.2327]],
       grad_fn=<SliceBackward>)
tensor([[ 1.8989, -0.8268,  1.0804,  0.6756, -1.6509,  2.2127,  0.4110, -0.7130,
         -0.9201,  0.8849,  2.8966, -1.6150,  1.4677, -0.7079,  0.3689, -0.2450]],
       grad_fn=<SliceBackward>)
tensor([[ 1.6820, -0.7267,  0.9453,  0.5927, -1.4354,  1.9494,  0.3633, -0.6267,
         -0.8053,  0.7809,  2.6430, -1.4813,  1.2618, -0.6414,  0.2144, -0.2464]],
       grad_fn=<SliceBackward>)
tensor([[-0.7748,  0.3952, -0.5665, -0.3360,  0.9470, -0.9963, -0.1711,  0.3386,
          0.4582, -0.3837, -0.2674,  0.0914, -0.9858,  0.1518, -1.5010, -0.2243]],
       grad_fn=<SliceBackward>)
tensor([[-0.8585,  0.4332, -0.6179, -0.3675,  1.0270, -1.0956, -0.1892,  0.3725,
          0.5017, -0.4233, -0.3667,  0.1452, -1.0626,  0.1789, -1.5604, -0.2239]],
       grad_fn=<SliceBackward>)
tensor([[ 0.6668, -0.2625,  0.3197,  0.2085, -0.4462,  0.7285,  0.1422, -0.2312,
         -0.2844,  0.2991,  1.4492, -0.8397,  0.3245, -0.3154, -0.5012, -0.2365]],
       grad_fn=<SliceBackward>)
tensor([[ 0.8847, -0.3619,  0.4535,  0.2907, -0.6564,  0.9890,  0.1895, -0.3175,
         -0.3967,  0.4022,  1.7110, -0.9825,  0.5201, -0.3862, -0.3510, -0.2389]],
       grad_fn=<SliceBackward>)
tensor([[-0.6022,  0.3163, -0.4607, -0.2707,  0.7797, -0.7891, -0.1335,  0.2709,
          0.3696, -0.3019, -0.0552, -0.0234, -0.8309,  0.0955, -1.3921, -0.2241]],
       grad_fn=<SliceBackward>)
tensor([[ 0.3668, -0.1256,  0.1348,  0.0951, -0.1558,  0.3696,  0.0770, -0.1126,
         -0.1297,  0.1569,  1.1004, -0.6525,  0.0464, -0.2190, -0.7173, -0.2343]],
       grad_fn=<SliceBackward>)
tensor([[ 1.3367, -0.5679,  0.7309,  0.4613, -1.0915,  1.5291,  0.2876, -0.4965,
         -0.6293,  0.6161,  2.2576, -1.2847,  0.9209, -0.5344, -0.0398, -0.2463]],
       grad_fn=<SliceBackward>)
tensor([[ 0.8318, -0.3376,  0.4204,  0.2706, -0.6039,  0.9253,  0.1780, -0.2968,
         -0.3693,  0.3770,  1.6597, -0.9593,  0.4623, -0.3707, -0.3959, -0.2405]],
       grad_fn=<SliceBackward>)
tensor([[ 1.4606, -0.6243,  0.8067,  0.5079, -1.2097,  1.6768,  0.3145, -0.5460,
         -0.6933,  0.6746,  2.4145, -1.3736,  1.0237, -0.5761,  0.0416, -0.2507]],
       grad_fn=<SliceBackward>)
tensor([[ 1.4542, -0.6213,  0.8025,  0.5054, -1.2023,  1.6686,  0.3131, -0.5441,
         -0.6899,  0.6715,  2.4121, -1.3740,  1.0137, -0.5749,  0.0341, -0.2523]],
       grad_fn=<SliceBackward>)
tensor([[-0.8397,  0.4247, -0.6074, -0.3604,  1.0093, -1.0731, -0.1851,  0.3648,
          0.4916, -0.4144, -0.3286,  0.1261, -1.0414,  0.1721, -1.5748, -0.2155]],
       grad_fn=<SliceBackward>)
tensor([[-0.0696,  0.0737, -0.1344, -0.0699,  0.2682, -0.1535, -0.0180,  0.0591,
          0.0948, -0.0500,  0.5944, -0.3806, -0.3554, -0.0794, -1.0373, -0.2284]],
       grad_fn=<SliceBackward>)
tensor([[ 0.8616, -0.3506,  0.4375,  0.2814, -0.6271,  0.9580,  0.1841, -0.3114,
         -0.3856,  0.3905,  1.7141, -0.9965,  0.4716, -0.3840, -0.3881, -0.2439]],
       grad_fn=<SliceBackward>)
tensor([[ 0.8853, -0.3614,  0.4519,  0.2903, -0.6497,  0.9862,  0.1893, -0.3209,
         -0.3978,  0.4017,  1.7452, -1.0142,  0.4904, -0.3919, -0.3736, -0.2443]],
       grad_fn=<SliceBackward>)
tensor([[ 0.6344, -0.2471,  0.2977,  0.1956, -0.4082,  0.6867,  0.1348, -0.2212,
         -0.2684,  0.2830,  1.4475, -0.8514,  0.2651, -0.3103, -0.5520, -0.2404]],
       grad_fn=<SliceBackward>)
tensor([[ 0.8674, -0.3532,  0.4406,  0.2835, -0.6319,  0.9647,  0.1854, -0.3139,
         -0.3886,  0.3932,  1.7300, -1.0079,  0.4692, -0.3867, -0.3906, -0.2440]],
       grad_fn=<SliceBackward>)
tensor([[ 1.5992, -0.6866,  0.8900,  0.5595, -1.3351,  1.8381,  0.3442, -0.6052,
         -0.7663,  0.7393,  2.6132, -1.4965,  1.1136, -0.6266,  0.1211, -0.2585]],
       grad_fn=<SliceBackward>)
tensor([[ 0.6062, -0.2341,  0.2798,  0.1849, -0.3797,  0.6526,  0.1286, -0.2105,
         -0.2542,  0.2695,  1.4227, -0.8411,  0.2336, -0.3025, -0.5785, -0.2398]],
       grad_fn=<SliceBackward>)
tensor([[ 1.7467, -0.7536,  0.9802,  0.6150, -1.4744,  2.0133,  0.3761, -0.6646,
         -0.8428,  0.8089,  2.8014, -1.6054,  1.2338, -0.6774,  0.2184, -0.2641]],
       grad_fn=<SliceBackward>)
tensor([[ 1.5662, -0.6689,  0.8659,  0.5449, -1.2889,  1.7843,  0.3358, -0.5961,
         -0.7469,  0.7210,  2.5836, -1.4878,  1.0664, -0.6216,  0.0853, -0.2624]],
       grad_fn=<SliceBackward>)
tensor([[-0.2423,  0.1528, -0.2421, -0.1354,  0.4371, -0.3613, -0.0556,  0.1267,
          0.1836, -0.1321,  0.4069, -0.2811, -0.5175, -0.0254, -1.1814, -0.2224]],
       grad_fn=<SliceBackward>)
tensor([[ 0.3894, -0.1342,  0.1447,  0.1022, -0.1654,  0.3881,  0.0811, -0.1260,
         -0.1417,  0.1658,  1.1714, -0.7063,  0.0323, -0.2342, -0.7417, -0.2363]],
       grad_fn=<SliceBackward>)
tensor([[ 0.3894, -0.1342,  0.1445,  0.1022, -0.1651,  0.3880,  0.0810, -0.1262,
         -0.1420,  0.1658,  1.1740, -0.7086,  0.0307, -0.2345, -0.7440, -0.2364]],
       grad_fn=<SliceBackward>)
tensor([[ 0.9303, -0.3799,  0.4757,  0.3056, -0.6808,  1.0296,  0.1981, -0.3429,
         -0.4208,  0.4209,  1.8294, -1.0742,  0.4987, -0.4135, -0.3665, -0.2486]],
       grad_fn=<SliceBackward>)
tensor([[ 1.4162, -0.6006,  0.7733,  0.4883, -1.1439,  1.6059,  0.3032, -0.5374,
         -0.6711,  0.6501,  2.4195, -1.4045,  0.9182, -0.5745, -0.0275, -0.2617]],
       grad_fn=<SliceBackward>)
tensor([[ 0.2184, -0.0564,  0.0393,  0.0379, -0.0015,  0.1851,  0.0440, -0.0581,
         -0.0541,  0.0851,  0.9757, -0.6003, -0.1229, -0.1789, -0.8713, -0.2315]],
       grad_fn=<SliceBackward>)
tensor([[ 1.6822, -0.7213,  0.9358,  0.5883, -1.3964,  1.9211,  0.3607, -0.6446,
         -0.8087,  0.7754,  2.7495, -1.5933,  1.1411, -0.6639,  0.1552, -0.2685]],
       grad_fn=<SliceBackward>)
tensor([[ 0.3553, -0.1186,  0.1228,  0.0893, -0.1313,  0.3473,  0.0736, -0.1134,
         -0.1251,  0.1496,  1.1466, -0.6978, -0.0076, -0.2250, -0.7796, -0.2345]],
       grad_fn=<SliceBackward>)
tensor([[-0.1088,  0.0923, -0.1617, -0.0852,  0.3112, -0.2032, -0.0268,  0.0725,
          0.1141, -0.0693,  0.5873, -0.3852, -0.4093, -0.0716, -1.1092, -0.2225]],
       grad_fn=<SliceBackward>)
tensor([[ 1.4158, -0.5998,  0.7715,  0.4876, -1.1386,  1.6032,  0.3028, -0.5388,
         -0.6715,  0.6492,  2.4364, -1.4252,  0.8989, -0.5792, -0.0372, -0.2644]],
       grad_fn=<SliceBackward>)
tensor([[-1.1713,  0.5748, -0.8129, -0.4847,  1.3230, -1.4629, -0.2566,  0.4982,
          0.6616, -0.5702, -0.6970,  0.3364, -1.3212,  0.2810, -1.8632, -0.1920]],
       grad_fn=<SliceBackward>)
tensor([[-0.7863,  0.4000, -0.5773, -0.3400,  0.9566, -1.0065, -0.1734,  0.3442,
          0.4635, -0.3887, -0.2286,  0.0730, -0.9915,  0.1529, -1.5943, -0.2031]],
       grad_fn=<SliceBackward>)
tensor([[ 0.5530, -0.2078,  0.2424,  0.1632, -0.3155,  0.5794,  0.1161, -0.1946,
         -0.2287,  0.2422,  1.4001, -0.8457,  0.1508, -0.2934, -0.6526, -0.2401]],
       grad_fn=<SliceBackward>)
tensor([[ 1.0628, -0.4392,  0.5543,  0.3547, -0.7997,  1.1832,  0.2263, -0.3998,
         -0.4923,  0.4824,  2.0223, -1.1974,  0.5830, -0.4634, -0.2950, -0.2552]],
       grad_fn=<SliceBackward>)
tensor([[ 1.3792, -0.5826,  0.7476,  0.4734, -1.0992,  1.5574,  0.2946, -0.5271,
         -0.6559,  0.6313,  2.4101, -1.4191,  0.8485, -0.5701, -0.0736, -0.2655]],
       grad_fn=<SliceBackward>)
tensor([[ 0.6832, -0.2668,  0.3213,  0.2120, -0.4381,  0.7333,  0.1442, -0.2472,
         -0.2962,  0.3034,  1.5664, -0.9433,  0.2549, -0.3382, -0.5671, -0.2436]],
       grad_fn=<SliceBackward>)
tensor([[ 2.2247, -0.9659,  1.2644,  0.7907, -1.8997,  2.5576,  0.4772, -0.8673,
         -1.0930,  1.0293,  3.4452, -2.0121,  1.5552, -0.8550,  0.5210, -0.2913]],
       grad_fn=<SliceBackward>)
tensor([[ 0.9584, -0.3915,  0.4892,  0.3152, -0.6980,  1.0587,  0.2036, -0.3581,
         -0.4387,  0.4329,  1.9073, -1.1401,  0.4828, -0.4319, -0.3768, -0.2528]],
       grad_fn=<SliceBackward>)
tensor([[ 0.8850, -0.3580,  0.4440,  0.2875, -0.6277,  0.9715,  0.1877, -0.3283,
         -0.4006,  0.3982,  1.8211, -1.0932,  0.4169, -0.4083, -0.4311, -0.2512]],
       grad_fn=<SliceBackward>)
tensor([[ 1.8329, -0.7879,  1.0239,  0.6434, -1.5260,  2.0932,  0.3924, -0.7096,
         -0.8911,  0.8445,  2.9808, -1.7561,  1.2078, -0.7269,  0.2399, -0.2870]],
       grad_fn=<SliceBackward>)
tensor([[ 0.0821,  0.0062, -0.0480, -0.0140,  0.1343,  0.0211,  0.0142, -0.0058,
          0.0138,  0.0201,  0.8476, -0.5402, -0.2600, -0.1400, -1.0044, -0.2246]],
       grad_fn=<SliceBackward>)
tensor([[-0.5568,  0.2960, -0.4393, -0.2539,  0.7402, -0.7352, -0.1238,  0.2511,
          0.3442, -0.2808,  0.0684, -0.0958, -0.7949,  0.0742, -1.4592, -0.2013]],
       grad_fn=<SliceBackward>)
tensor([[ 0.8503, -0.3421,  0.4217,  0.2743, -0.5926,  0.9297,  0.1801, -0.3156,
         -0.3840,  0.3817,  1.7921, -1.0827,  0.3762, -0.3994, -0.4642, -0.2515]],
       grad_fn=<SliceBackward>)
tensor([[ 1.0569, -0.4358,  0.5479,  0.3519, -0.7881,  1.1741,  0.2247, -0.3989,
         -0.4910,  0.4789,  2.0473, -1.2298,  0.5453, -0.4691, -0.3195, -0.2584]],
       grad_fn=<SliceBackward>)
tensor([[ 1.4703, -0.6232,  0.8008,  0.5070, -1.1793,  1.6632,  0.3140, -0.5654,
         -0.7050,  0.6735,  2.5567, -1.5237,  0.8853, -0.6089, -0.0282, -0.2746]],
       grad_fn=<SliceBackward>)
tensor([[ 1.4659, -0.6205,  0.7969,  0.5048, -1.1710,  1.6543,  0.3127, -0.5665,
         -0.7038,  0.6707,  2.5515, -1.5236,  0.8745, -0.6076, -0.0328, -0.2714]],
       grad_fn=<SliceBackward>)
tensor([[ 1.7368, -0.7431,  0.9623,  0.6063, -1.4261,  1.9740,  0.3711, -0.6761,
         -0.8444,  0.7980,  2.8883, -1.7200,  1.0947, -0.7002,  0.1560, -0.2810]],
       grad_fn=<SliceBackward>)
tensor([[-0.3540,  0.2042, -0.3169, -0.1779,  0.5494, -0.4956, -0.0801,  0.1689,
          0.2388, -0.1854,  0.3295, -0.2469, -0.6271,  0.0043, -1.3311, -0.2062]],
       grad_fn=<SliceBackward>)
tensor([[ 1.7040, -0.7280,  0.9416,  0.5938, -1.3931,  1.9346,  0.3639, -0.6626,
         -0.8276,  0.7823,  2.8563, -1.7077,  1.0588, -0.6920,  0.1266, -0.2805]],
       grad_fn=<SliceBackward>)
tensor([[ 1.5158, -0.6427,  0.8262,  0.5232, -1.2144,  1.7120,  0.3233, -0.5869,
         -0.7307,  0.6937,  2.6295, -1.5793,  0.9004, -0.6298, -0.0083, -0.2752]],
       grad_fn=<SliceBackward>)
tensor([[-0.9744,  0.4853, -0.6973, -0.4106,  1.1356, -1.2285, -0.2140,  0.4195,
          0.5602, -0.4773, -0.4291,  0.1916, -1.1345,  0.2133, -1.7773, -0.1825]],
       grad_fn=<SliceBackward>)
tensor([[ 0.6847, -0.2659,  0.3170,  0.2113, -0.4280,  0.7298,  0.1438, -0.2517,
         -0.3003,  0.3026,  1.6149, -0.9950,  0.2163, -0.3506, -0.6036, -0.2439]],
       grad_fn=<SliceBackward>)
tensor([[ 0.7916, -0.3131,  0.3804,  0.2503, -0.5215,  0.8480,  0.1663, -0.2985,
         -0.3545,  0.3516,  1.7460, -1.0734,  0.2987, -0.3854, -0.5316, -0.2476]],
       grad_fn=<SliceBackward>)
tensor([[ 1.0434, -0.4268,  0.5337,  0.3445, -0.7571,  1.1435,  0.2205, -0.4012,
         -0.4850,  0.4696,  2.0570, -1.2563,  0.4979, -0.4710, -0.3538, -0.2560]],
       grad_fn=<SliceBackward>)
tensor([[ 1.0802, -0.4434,  0.5559,  0.3582, -0.7914,  1.1867,  0.2284, -0.4163,
         -0.5042,  0.4869,  2.1059, -1.2864,  0.5254, -0.4841, -0.3301, -0.2581]],
       grad_fn=<SliceBackward>)
tensor([[ 0.0067,  0.0416, -0.0996, -0.0433,  0.2139, -0.0734, -0.0026,  0.0213,
          0.0514, -0.0166,  0.7889, -0.5179, -0.3394, -0.1209, -1.0950, -0.2168]],
       grad_fn=<SliceBackward>)
tensor([[ 1.6513, -0.7013,  0.9039,  0.5717, -1.3255,  1.8566,  0.3512, -0.6491,
         -0.8005,  0.7546,  2.8153, -1.7057,  0.9793, -0.6792,  0.0704, -0.2797]],
       grad_fn=<SliceBackward>)
tensor([[-0.4480,  0.2470, -0.3777, -0.2133,  0.6398, -0.6070, -0.1005,  0.2066,
          0.2864, -0.2299,  0.2332, -0.1934, -0.7053,  0.0324, -1.4223, -0.1982]],
       grad_fn=<SliceBackward>)
tensor([[ 1.0131, -0.4128,  0.5136,  0.3329, -0.7270,  1.1071,  0.2138, -0.3890,
         -0.4708,  0.4551,  2.0372, -1.2544,  0.4612, -0.4653, -0.3884, -0.2547]],
       grad_fn=<SliceBackward>)
tensor([[ 1.6345, -0.6931,  0.8921,  0.5649, -1.3066,  1.8349,  0.3473, -0.6429,
         -0.7935,  0.7460,  2.8077, -1.7102,  0.9534, -0.6786,  0.0499, -0.2796]],
       grad_fn=<SliceBackward>)
tensor([[-1.6724,  0.7998, -1.1260, -0.6710,  1.7850, -2.0433, -0.3638,  0.7059,
          0.9209, -0.8038, -1.2739,  0.6948, -1.6785,  0.4491, -2.2981, -0.1498]],
       grad_fn=<SliceBackward>)
tensor([[-0.5499,  0.2931, -0.4413, -0.2515,  0.7358, -0.7269, -0.1225,  0.2480,
          0.3387, -0.2778,  0.1138, -0.1238, -0.7866,  0.0658, -1.5033, -0.1938]],
       grad_fn=<SliceBackward>)
tensor([[ 0.5736, -0.2139,  0.2437,  0.1682, -0.3139,  0.5903,  0.1191, -0.2102,
         -0.2443,  0.2486,  1.5053, -0.9465,  0.1032, -0.3188, -0.7093, -0.2368]],
       grad_fn=<SliceBackward>)
tensor([[ 1.0464, -0.4273,  0.5317,  0.3449, -0.7556,  1.1445,  0.2207, -0.4030,
         -0.4898,  0.4701,  2.0916, -1.2943,  0.4759, -0.4809, -0.3752, -0.2549]],
       grad_fn=<SliceBackward>)
tensor([[-0.1439,  0.1099, -0.1949, -0.0999,  0.3568, -0.2511, -0.0352,  0.0824,
          0.1278, -0.0876,  0.6236, -0.4259, -0.4671, -0.0740, -1.2239, -0.2085]],
       grad_fn=<SliceBackward>)
tensor([[ 0.6334, -0.2406,  0.2786,  0.1903, -0.3685,  0.6594,  0.1317, -0.2343,
         -0.2744,  0.2763,  1.5855, -0.9978,  0.1453, -0.3419, -0.6735, -0.2377]],
       grad_fn=<SliceBackward>)
tensor([[ 2.0521, -0.8803,  1.1433,  0.7198, -1.6921,  2.3212,  0.4364, -0.8122,
         -1.0093,  0.9404,  3.3399, -2.0436,  1.2592, -0.8313,  0.3346, -0.2933]],
       grad_fn=<SliceBackward>)
tensor([[-0.2507,  0.1583, -0.2616, -0.1399,  0.4573, -0.3768, -0.0583,  0.1260,
          0.1830, -0.1378,  0.4978, -0.3525, -0.5526, -0.0388, -1.3075, -0.2018]],
       grad_fn=<SliceBackward>)
tensor([[ 0.9358, -0.3766,  0.4615,  0.3029, -0.6491,  1.0128,  0.1965, -0.3573,
         -0.4314,  0.4175,  1.9666, -1.2304,  0.3762, -0.4494, -0.4646, -0.2497]],
       grad_fn=<SliceBackward>)
tensor([[ 1.6350, -0.6913,  0.8869,  0.5634, -1.2991,  1.8301,  0.3464, -0.6424,
         -0.7955,  0.7442,  2.8349, -1.7520,  0.9196, -0.6934,  0.0302, -0.2786]],
       grad_fn=<SliceBackward>)
tensor([[-0.1329,  0.1055, -0.1912, -0.0962,  0.3487, -0.2395, -0.0331,  0.0779,
          0.1213, -0.0830,  0.6488, -0.4444, -0.4622, -0.0813, -1.2305, -0.2057]],
       grad_fn=<SliceBackward>)
tensor([[ 0.2150, -0.0510,  0.0199,  0.0333,  0.0261,  0.1665,  0.0414, -0.0644,
         -0.0611,  0.0795,  1.0816, -0.7047, -0.1930, -0.2027, -0.9857, -0.2196]],
       grad_fn=<SliceBackward>)
tensor([[ 0.9286, -0.3721,  0.4540,  0.2992, -0.6366,  1.0002,  0.1944, -0.3560,
         -0.4340,  0.4128,  1.9692, -1.2393,  0.3594, -0.4518, -0.4806, -0.2486]],
       grad_fn=<SliceBackward>)
tensor([[ 1.0230, -0.4145,  0.5110,  0.3343, -0.7238,  1.1103,  0.2146, -0.3947,
         -0.4836,  0.4569,  2.0893, -1.3129,  0.4299, -0.4856, -0.4159, -0.2519]],
       grad_fn=<SliceBackward>)
tensor([[ 1.8116, -0.7694,  0.9909,  0.6280, -1.4561,  2.0316,  0.3836, -0.7167,
         -0.8955,  0.8252,  3.0723, -1.9068,  1.0371, -0.7615,  0.1426, -0.2865]],
       grad_fn=<SliceBackward>)
tensor([[ 0.9041, -0.3609,  0.4377,  0.2899, -0.6125,  0.9710,  0.1890, -0.3462,
         -0.4218,  0.4012,  1.9483, -1.2318,  0.3333, -0.4461, -0.5058, -0.2471]],
       grad_fn=<SliceBackward>)
tensor([[ 1.7296, -0.7320,  0.9398,  0.5971, -1.3779,  1.9346,  0.3658, -0.6832,
         -0.8539,  0.7865,  2.9796, -1.8581,  0.9663, -0.7372,  0.0767, -0.2825]],
       grad_fn=<SliceBackward>)
tensor([[-0.2158,  0.1432, -0.2455, -0.1274,  0.4283, -0.3378, -0.0511,  0.1111,
          0.1624, -0.1222,  0.5591, -0.3945, -0.5319, -0.0561, -1.3059, -0.1974]],
       grad_fn=<SliceBackward>)
tensor([[ 0.8270, -0.3258,  0.3890,  0.2608, -0.5390,  0.8799,  0.1723, -0.3145,
         -0.3827,  0.3647,  1.8603, -1.1849,  0.2666, -0.4230, -0.5683, -0.2430]],
       grad_fn=<SliceBackward>)
tensor([[ 1.5008, -0.6287,  0.7988,  0.5116, -1.1633,  1.6663,  0.3166, -0.5896,
         -0.7355,  0.6792,  2.7044, -1.6998,  0.7795, -0.6616, -0.0932, -0.2730]],
       grad_fn=<SliceBackward>)
tensor([[-0.4957,  0.2693, -0.4175, -0.2318,  0.6887, -0.6650, -0.1111,  0.2254,
          0.3084, -0.2530,  0.2152, -0.1866, -0.7476,  0.0410, -1.5108, -0.1838]],
       grad_fn=<SliceBackward>)
tensor([[-0.1159,  0.0986, -0.1868, -0.0905,  0.3371, -0.2219, -0.0298,  0.0704,
          0.1099, -0.0758,  0.6909, -0.4769, -0.4590, -0.0937, -1.2438, -0.2006]],
       grad_fn=<SliceBackward>)
tensor([[ 0.4555, -0.1582,  0.1606,  0.1221, -0.1921,  0.4449,  0.0925, -0.1630,
         -0.1890,  0.1908,  1.4077, -0.9150, -0.0254, -0.2964, -0.8418, -0.2255]],
       grad_fn=<SliceBackward>)
tensor([[ 1.0044, -0.4049,  0.4941,  0.3263, -0.7002,  1.0853,  0.2100, -0.3871,
         -0.4760,  0.4469,  2.0964, -1.3368,  0.3886, -0.4914, -0.4555, -0.2487]],
       grad_fn=<SliceBackward>)
tensor([[-0.0952,  0.0894, -0.1760, -0.0829,  0.3188, -0.1981, -0.0255,  0.0618,
          0.0986, -0.0663,  0.7234, -0.4985, -0.4454, -0.1026, -1.2365, -0.2006]],
       grad_fn=<SliceBackward>)
tensor([[ 0.9069, -0.3609,  0.4335,  0.2899, -0.6089,  0.9710,  0.1890, -0.3471,
         -0.4251,  0.4012,  1.9792, -1.2692,  0.3100, -0.4592, -0.5289, -0.2438]],
       grad_fn=<SliceBackward>)
tensor([[ 1.7162, -0.7241,  0.9252,  0.5906, -1.3560,  1.9138,  0.3621, -0.6781,
         -0.8488,  0.7783,  2.9953, -1.8958,  0.9166, -0.7489,  0.0408, -0.2790]],
       grad_fn=<SliceBackward>)
tensor([[ 0.6974, -0.2664,  0.3044,  0.2116, -0.4130,  0.7255,  0.1440, -0.2623,
         -0.3166,  0.3031,  1.7216, -1.1148,  0.1479, -0.3869, -0.6822, -0.2335]],
       grad_fn=<SliceBackward>)
tensor([[ 0.6000, -0.2224,  0.2443,  0.1753, -0.3220,  0.6114,  0.1231, -0.2223,
         -0.2656,  0.2575,  1.6021, -1.0431,  0.0722, -0.3538, -0.7539, -0.2293]],
       grad_fn=<SliceBackward>)
tensor([[ 1.7346, -0.7285,  0.9299,  0.5942, -1.3569,  1.9190,  0.3641, -0.6870,
         -0.8589,  0.7828,  3.0190, -1.9200,  0.9124, -0.7646,  0.0421, -0.2811]],
       grad_fn=<SliceBackward>)
tensor([[-0.5079,  0.2749, -0.4309, -0.2364,  0.7015, -0.6793, -0.1138,  0.2300,
          0.3133, -0.2589,  0.2175, -0.1893, -0.7560,  0.0421, -1.5423, -0.1778]],
       grad_fn=<SliceBackward>)
tensor([[ 0.5884, -0.2155,  0.2335,  0.1695, -0.3042,  0.5907,  0.1198, -0.2186,
         -0.2610,  0.2503,  1.5915, -1.0404,  0.0560, -0.3533, -0.7713, -0.2273]],
       grad_fn=<SliceBackward>)
tensor([[ 0.6602, -0.2476,  0.2764,  0.1961, -0.3696,  0.6737,  0.1351, -0.2482,
         -0.2995,  0.2836,  1.6845, -1.0993,  0.1073, -0.3799, -0.7233, -0.2300]],
       grad_fn=<SliceBackward>)
tensor([[ 1.0638, -0.4281,  0.5205,  0.3455, -0.7392,  1.1411,  0.2210, -0.4135,
         -0.5108,  0.4709,  2.1927, -1.4162,  0.4029, -0.5265, -0.4407, -0.2478]],
       grad_fn=<SliceBackward>)
tensor([[ 1.5593, -0.6497,  0.8205,  0.5290, -1.1934,  1.7150,  0.3266, -0.6164,
         -0.7710,  0.7010,  2.8158, -1.8057,  0.7670, -0.7063, -0.0913, -0.2717]],
       grad_fn=<SliceBackward>)
tensor([[ 0.9146, -0.3611,  0.4285,  0.2901, -0.5991,  0.9657,  0.1892, -0.3555,
         -0.4339,  0.4014,  2.0107, -1.3070,  0.2887, -0.4754, -0.5495, -0.2404]],
       grad_fn=<SliceBackward>)
tensor([[ 1.6014, -0.6682,  0.8445,  0.5442, -1.2267,  1.7595,  0.3354, -0.6385,
         -0.7953,  0.7202,  2.8749, -1.8481,  0.7909, -0.7257, -0.0661, -0.2719]],
       grad_fn=<SliceBackward>)
tensor([[-0.7675,  0.3911, -0.5937, -0.3326,  0.9397, -0.9796, -0.1691,  0.3367,
          0.4484, -0.3795, -0.0947,  0.0046, -0.9473,  0.1344, -1.7431, -0.1592]],
       grad_fn=<SliceBackward>)
tensor([[ 0.3232, -0.0965,  0.0673,  0.0710, -0.0569,  0.2812,  0.0631, -0.1127,
         -0.1259,  0.1267,  1.2761, -0.8531, -0.1497, -0.2630, -0.9746, -0.2110]],
       grad_fn=<SliceBackward>)
tensor([[ 1.7990, -0.7561,  0.9624,  0.6171, -1.4047,  1.9868,  0.3773, -0.7209,
         -0.9045,  0.8115,  3.1335, -2.0185,  0.9237, -0.8023,  0.0658, -0.2823]],
       grad_fn=<SliceBackward>)
tensor([[-0.6617,  0.3438, -0.5321, -0.2935,  0.8431, -0.8573, -0.1466,  0.2933,
          0.3930, -0.3304,  0.0427, -0.0807, -0.8663,  0.0953, -1.6755, -0.1628]],
       grad_fn=<SliceBackward>)
tensor([[-0.8530,  0.4293, -0.6489, -0.3643,  1.0178, -1.0784, -0.1873,  0.3723,
          0.4942, -0.4192, -0.1974,  0.0699, -1.0047,  0.1649, -1.8122, -0.1532]],
       grad_fn=<SliceBackward>)
tensor([[ 0.4462, -0.1512,  0.1388,  0.1163, -0.1670,  0.4221,  0.0892, -0.1645,
         -0.1944,  0.1835,  1.4404, -0.9606, -0.0662, -0.3109, -0.8965, -0.2147]],
       grad_fn=<SliceBackward>)
tensor([[ 0.9749, -0.3874,  0.4591,  0.3118, -0.6489,  1.0327,  0.2017, -0.3831,
         -0.4751,  0.4287,  2.1090, -1.3826,  0.3130, -0.5050, -0.5251, -0.2392]],
       grad_fn=<SliceBackward>)
tensor([[ 1.4995, -0.6217,  0.7769,  0.5058, -1.1269,  1.6384,  0.3133, -0.5998,
         -0.7536,  0.6720,  2.7723, -1.8034,  0.6877, -0.6982, -0.1562, -0.2634]],
       grad_fn=<SliceBackward>)
tensor([[ 0.2502, -0.0635,  0.0175,  0.0437,  0.0126,  0.1955,  0.0474, -0.0839,
         -0.0918,  0.0925,  1.2005, -0.8128, -0.2112, -0.2409, -1.0419, -0.2031]],
       grad_fn=<SliceBackward>)
tensor([[ 1.8411, -0.7741,  0.9829,  0.6320, -1.4367,  2.0323,  0.3859, -0.7420,
         -0.9381,  0.8302,  3.2109, -2.0871,  0.9254, -0.8266,  0.0807, -0.2804]],
       grad_fn=<SliceBackward>)
tensor([[-0.1863,  0.1317, -0.2495, -0.1179,  0.4112, -0.3089, -0.0456,  0.0965,
          0.1391, -0.1101,  0.6533, -0.4679, -0.5250, -0.0820, -1.3548, -0.1802]],
       grad_fn=<SliceBackward>)
tensor([[-0.1874,  0.1322, -0.2513, -0.1183,  0.4125, -0.3103, -0.0458,  0.0970,
          0.1396, -0.1107,  0.6540, -0.4688, -0.5263, -0.0823, -1.3583, -0.1793]],
       grad_fn=<SliceBackward>)
tensor([[ 1.7351e+00, -7.2569e-01,  9.1535e-01,  5.9186e-01, -1.3348e+00,
          1.9066e+00,  3.6280e-01, -6.9827e-01, -8.8402e-01,  7.7992e-01,
          3.0845e+00, -2.0168e+00,  8.3776e-01, -7.9468e-01, -1.7591e-03,
         -2.7733e-01]], grad_fn=<SliceBackward>)
tensor([[-0.6755,  0.3501, -0.5493, -0.2987,  0.8569, -0.8736, -0.1496,  0.2987,
          0.3989, -0.3369,  0.0403, -0.0787, -0.8727,  0.0977, -1.7071, -0.1529]],
       grad_fn=<SliceBackward>)
tensor([[-0.1478,  0.1147, -0.2295, -0.1038,  0.3775, -0.2651, -0.0375,  0.0803,
          0.1175, -0.0925,  0.7092, -0.5056, -0.5000, -0.0984, -1.3362, -0.1794]],
       grad_fn=<SliceBackward>)
tensor([[ 0.2849, -0.0783,  0.0325,  0.0560, -0.0153,  0.2337,  0.0545, -0.0989,
         -0.1134,  0.1079,  1.2595, -0.8579, -0.1955, -0.2598, -1.0335, -0.2007]],
       grad_fn=<SliceBackward>)
tensor([[ 0.9383, -0.3698,  0.4281,  0.2972, -0.6072,  0.9861,  0.1933, -0.3708,
         -0.4633,  0.4104,  2.0889, -1.3895,  0.2613, -0.5042, -0.5742, -0.2323]],
       grad_fn=<SliceBackward>)
tensor([[ 0.8896, -0.3480,  0.3976,  0.2792, -0.5625,  0.9298,  0.1829, -0.3508,
         -0.4378,  0.3878,  2.0297, -1.3534,  0.2253, -0.4869, -0.6106, -0.2295]],
       grad_fn=<SliceBackward>)
tensor([[ 1.1056, -0.4443,  0.5280,  0.3589, -0.7580,  1.1785,  0.2288, -0.4405,
         -0.5538,  0.4878,  2.3062, -1.5325,  0.3743, -0.5684, -0.4602, -0.2400]],
       grad_fn=<SliceBackward>)
tensor([[ 1.6127, -0.6704,  0.8353,  0.5461, -1.2173,  1.7625,  0.3365, -0.6511,
         -0.8262,  0.7225,  2.9528, -1.9504,  0.7255, -0.7593, -0.1052, -0.2652]],
       grad_fn=<SliceBackward>)
tensor([[ 0.1632, -0.0238, -0.0471,  0.0108,  0.0972,  0.0925,  0.0285, -0.0495,
         -0.0510,  0.0513,  1.1162, -0.7708, -0.2846, -0.2178, -1.1309, -0.1906]],
       grad_fn=<SliceBackward>)
tensor([[ 0.4922, -0.1705,  0.1518,  0.1323, -0.2007,  0.4714,  0.0984, -0.1859,
         -0.2276,  0.2036,  1.5352, -1.0420, -0.0577, -0.3418, -0.9000, -0.2076]],
       grad_fn=<SliceBackward>)
tensor([[ 1.7624e+00, -7.3678e-01,  9.2422e-01,  6.0104e-01, -1.3507e+00,
          1.9339e+00,  3.6809e-01, -7.1326e-01, -9.0941e-01,  7.9144e-01,
          3.1486e+00, -2.0848e+00,  8.1760e-01, -8.1961e-01, -1.6935e-03,
         -2.7485e-01]], grad_fn=<SliceBackward>)
tensor([[-1.8059,  0.8543, -1.2490, -0.7161,  1.8818, -2.1756, -0.3897,  0.7678,
          1.0039, -0.8603, -1.3782,  0.8385, -1.6432,  0.5200, -2.5323, -0.0833]],
       grad_fn=<SliceBackward>)
tensor([[ 0.7433, -0.2822,  0.3022,  0.2247, -0.4262,  0.7597,  0.1516, -0.2907,
         -0.3651,  0.3195,  1.8621, -1.2571,  0.1104, -0.4391, -0.7292, -0.2196]],
       grad_fn=<SliceBackward>)
tensor([[ 0.6735, -0.2509,  0.2587,  0.1988, -0.3625,  0.6790,  0.1367, -0.2616,
         -0.3281,  0.2871,  1.7756, -1.2026,  0.0609, -0.4142, -0.7810, -0.2153]],
       grad_fn=<SliceBackward>)
tensor([[ 1.1905, -0.4814,  0.5725,  0.3896, -0.8301,  1.2742,  0.2464, -0.4763,
         -0.6065,  0.5263,  2.4349, -1.6315,  0.4132, -0.6098, -0.4167, -0.2427]],
       grad_fn=<SliceBackward>)
tensor([[-0.3712,  0.2148, -0.3795, -0.1867,  0.5836, -0.5239, -0.0851,  0.1720,
          0.2331, -0.1964,  0.4512, -0.3448, -0.6562, -0.0211, -1.5249, -0.1574]],
       grad_fn=<SliceBackward>)
tensor([[ 0.7489, -0.2842,  0.3014,  0.2264, -0.4287,  0.7650,  0.1525, -0.2931,
         -0.3703,  0.3216,  1.8774, -1.2736,  0.1066, -0.4461, -0.7332, -0.2166]],
       grad_fn=<SliceBackward>)
tensor([[ 2.1086, -0.8899,  1.1306,  0.7278, -1.6568,  2.3292,  0.4410, -0.8573,
         -1.1041,  0.9503,  3.6091, -2.4055,  1.0261, -0.9636,  0.2293, -0.2876]],
       grad_fn=<SliceBackward>)
tensor([[ 0.0786,  0.0146, -0.1095, -0.0210,  0.1783, -0.0068,  0.0103, -0.0152,
         -0.0108,  0.0115,  1.0288, -0.7229, -0.3494, -0.1935, -1.2132, -0.1795]],
       grad_fn=<SliceBackward>)
tensor([[ 0.0677,  0.0195, -0.1173, -0.0251,  0.1886, -0.0194,  0.0079, -0.0105,
         -0.0054,  0.0064,  1.0170, -0.7161, -0.3574, -0.1903, -1.2233, -0.1785]],
       grad_fn=<SliceBackward>)
tensor([[ 1.7352, -0.7230,  0.9004,  0.5896, -1.3156,  1.8981,  0.3615, -0.7033,
         -0.9079,  0.7771,  3.1441, -2.1110,  0.7666, -0.8276, -0.0434, -0.2682]],
       grad_fn=<SliceBackward>)
tensor([[ 0.4351, -0.1439,  0.1054,  0.1103, -0.1421,  0.4027,  0.0858, -0.1633,
         -0.2056,  0.1761,  1.4893, -1.0274, -0.1107, -0.3320, -0.9669, -0.1973]],
       grad_fn=<SliceBackward>)
tensor([[ 0.2316, -0.0532, -0.0197,  0.0352,  0.0422,  0.1685,  0.0426, -0.0788,
         -0.0965,  0.0819,  1.2318, -0.8597, -0.2491, -0.2553, -1.1133, -0.1854]],
       grad_fn=<SliceBackward>)
tensor([[ 0.3906, -0.1239,  0.0763,  0.0937, -0.1007,  0.3510,  0.0762, -0.1449,
         -0.1833,  0.1553,  1.4370, -0.9956, -0.1432, -0.3170, -1.0032, -0.1931]],
       grad_fn=<SliceBackward>)
tensor([[ 1.1616, -0.4671,  0.5464,  0.3777, -0.7950,  1.2371,  0.2396, -0.4652,
         -0.6021,  0.5115,  2.4231, -1.6463,  0.3724, -0.6139, -0.4592, -0.2336]],
       grad_fn=<SliceBackward>)
tensor([[ 1.0731, -0.4275,  0.4914,  0.3450, -0.7146,  1.1351,  0.2208, -0.4283,
         -0.5545,  0.4704,  2.3125, -1.5755,  0.3113, -0.5813, -0.5244, -0.2285]],
       grad_fn=<SliceBackward>)
tensor([[ 1.1423e-01, -6.2496e-04, -9.5657e-02, -8.3674e-03,  1.5018e-01,
          3.2557e-02,  1.7521e-02, -3.0577e-02, -3.5098e-02,  2.7307e-02,
          1.0899e+00, -7.7005e-01, -3.3098e-01, -2.1349e-01, -1.2057e+00,
         -1.7569e-01]], grad_fn=<SliceBackward>)
tensor([[ 1.5719, -0.6491,  0.7943,  0.5285, -1.1609,  1.7070,  0.3263, -0.6369,
         -0.8302,  0.7005,  2.9567, -2.0065,  0.6411, -0.7772, -0.1776, -0.2538]],
       grad_fn=<SliceBackward>)
tensor([[-0.2319,  0.1535, -0.3093, -0.1360,  0.4624, -0.3654, -0.0559,  0.1134,
          0.1523, -0.1327,  0.6508, -0.4808, -0.5629, -0.0813, -1.4546, -0.1550]],
       grad_fn=<SliceBackward>)
tensor([[ 1.3870e-01, -1.1243e-02, -8.3687e-02,  4.2084e-04,  1.2985e-01,
          5.9998e-02,  2.2574e-02, -4.0521e-02, -5.0265e-02,  3.8331e-02,
          1.1268e+00, -7.9730e-01, -3.1714e-01, -2.2591e-01, -1.1950e+00,
         -1.7487e-01]], grad_fn=<SliceBackward>)
tensor([[ 1.7458, -0.7260,  0.8979,  0.5921, -1.3140,  1.9054,  0.3629, -0.7083,
         -0.9283,  0.7802,  3.1885, -2.1690,  0.7499, -0.8510, -0.0639, -0.2630]],
       grad_fn=<SliceBackward>)
tensor([[-0.1406,  0.1131, -0.2563, -0.1025,  0.3817, -0.2610, -0.0366,  0.0753,
          0.1009, -0.0907,  0.7724, -0.5629, -0.5037, -0.1187, -1.3958, -0.1582]],
       grad_fn=<SliceBackward>)
tensor([[-0.1371,  0.1116, -0.2549, -0.1013,  0.3791, -0.2572, -0.0359,  0.0736,
          0.0983, -0.0892,  0.7783, -0.5675, -0.5025, -0.1207, -1.3951, -0.1579]],
       grad_fn=<SliceBackward>)
tensor([[ 0.5496, -0.1935,  0.1636,  0.1513, -0.2357,  0.5301,  0.1094, -0.2132,
         -0.2800,  0.2276,  1.6622, -1.1578, -0.0487, -0.3892, -0.9146, -0.1949]],
       grad_fn=<SliceBackward>)
tensor([[ 1.1631, -0.4662,  0.5376,  0.3770, -0.7851,  1.2336,  0.2392, -0.4693,
         -0.6180,  0.5105,  2.4528, -1.6866,  0.3555, -0.6293, -0.4855, -0.2277]],
       grad_fn=<SliceBackward>)
tensor([[ 0.8766, -0.3387,  0.3615,  0.2715, -0.5278,  0.9048,  0.1785, -0.3497,
         -0.4608,  0.3783,  2.0869, -1.4441,  0.1648, -0.5187, -0.6892, -0.2117]],
       grad_fn=<SliceBackward>)
tensor([[ 0.4954, -0.1693,  0.1272,  0.1312, -0.1860,  0.4675,  0.0978, -0.1907,
         -0.2514,  0.2024,  1.5990, -1.1192, -0.0878, -0.3705, -0.9592, -0.1898]],
       grad_fn=<SliceBackward>)
tensor([[ 1.6233, -0.6701,  0.8161,  0.5458, -1.1944,  1.7600,  0.3363, -0.6605,
         -0.8735,  0.7222,  3.0506, -2.0944,  0.6534, -0.8152, -0.1684, -0.2536]],
       grad_fn=<SliceBackward>)
tensor([[-0.7157,  0.3691, -0.6163, -0.3144,  0.8996, -0.9218, -0.1585,  0.3144,
          0.4149, -0.3564,  0.0451, -0.0785, -0.8863,  0.1030, -1.8155, -0.1185]],
       grad_fn=<SliceBackward>)
tensor([[ 0.3131, -0.0878,  0.0120,  0.0638, -0.0202,  0.2573,  0.0590, -0.1141,
         -0.1528,  0.1178,  1.3700, -0.9694, -0.2112, -0.3030, -1.0947, -0.1775]],
       grad_fn=<SliceBackward>)
tensor([[ 1.6994, -0.7029,  0.8596,  0.5730, -1.2574,  1.8446,  0.3520, -0.6917,
         -0.9205,  0.7563,  3.1566, -2.1739,  0.6941, -0.8530, -0.1236, -0.2588]],
       grad_fn=<SliceBackward>)
tensor([[-0.7329,  0.3768, -0.6309, -0.3208,  0.9156, -0.9416, -0.1622,  0.3214,
          0.4240, -0.3644,  0.0265, -0.0653, -0.8960,  0.1093, -1.8335, -0.1144]],
       grad_fn=<SliceBackward>)
tensor([[-0.0546,  0.0758, -0.2165, -0.0716,  0.3104, -0.1650, -0.0189,  0.0388,
          0.0483, -0.0520,  0.9019, -0.6562, -0.4542, -0.1602, -1.3592, -0.1542]],
       grad_fn=<SliceBackward>)
tensor([[ 0.9444, -0.3674,  0.3942,  0.2953, -0.5805,  0.9788,  0.1922, -0.3772,
         -0.5055,  0.4081,  2.1915, -1.5290,  0.1946, -0.5584, -0.6606, -0.2131]],
       grad_fn=<SliceBackward>)
tensor([[ 1.0796, -0.4273,  0.4761,  0.3449, -0.7005,  1.1334,  0.2207, -0.4335,
         -0.5810,  0.4703,  2.3674, -1.6495,  0.2803, -0.6132, -0.5671, -0.2201]],
       grad_fn=<SliceBackward>)
tensor([[ 1.6536, -0.6819,  0.8276,  0.5556, -1.2118,  1.7904,  0.3420, -0.6724,
         -0.8998,  0.7345,  3.1089, -2.1540,  0.6506, -0.8437, -0.1649, -0.2546]],
       grad_fn=<SliceBackward>)
tensor([[ 0.4427, -0.1445,  0.0830,  0.1107, -0.1310,  0.4036,  0.0861, -0.1683,
         -0.2290,  0.1767,  1.5508, -1.0992, -0.1346, -0.3619, -1.0193, -0.1805]],
       grad_fn=<SliceBackward>)
tensor([[ 1.7336, -0.7170,  0.8748,  0.5847, -1.2807,  1.8810,  0.3587, -0.7057,
         -0.9466,  0.7710,  3.2182, -2.2336,  0.6979, -0.8799, -0.1140, -0.2587]],
       grad_fn=<SliceBackward>)
tensor([[-0.1099,  0.1008, -0.2588, -0.0923,  0.3627, -0.2294, -0.0308,  0.0616,
          0.0764, -0.0779,  0.8416, -0.6191, -0.4929, -0.1426, -1.4120, -0.1450]],
       grad_fn=<SliceBackward>)
tensor([[ 0.4719, -0.1571,  0.0973,  0.1211, -0.1544,  0.4360,  0.0920, -0.1801,
         -0.2474,  0.1897,  1.5943, -1.1328, -0.1197, -0.3778, -1.0057, -0.1808]],
       grad_fn=<SliceBackward>)
tensor([[ 1.8325, -0.7600,  0.9332,  0.6202, -1.3632,  1.9915,  0.3791, -0.7470,
         -1.0055,  0.8156,  3.3543, -2.3347,  0.7507, -0.9275, -0.0532, -0.2660]],
       grad_fn=<SliceBackward>)
tensor([[-0.6798,  0.3537, -0.6131, -0.3017,  0.8710, -0.8818, -0.1512,  0.2990,
          0.3930, -0.3404,  0.1093, -0.1207, -0.8581,  0.0853, -1.8178, -0.1075]],
       grad_fn=<SliceBackward>)
tensor([[-0.0783,  0.0876, -0.2445, -0.0814,  0.3390, -0.1962, -0.0245,  0.0477,
          0.0569, -0.0642,  0.8872, -0.6525, -0.4751, -0.1584, -1.3984, -0.1448]],
       grad_fn=<SliceBackward>)
tensor([[ 0.7912, -0.2966,  0.2878,  0.2366, -0.4281,  0.7931,  0.1585, -0.3166,
         -0.4303,  0.3346,  2.0129, -1.4231,  0.0768, -0.5122, -0.7937, -0.1982]],
       grad_fn=<SliceBackward>)
tensor([[ 1.1268, -0.4449,  0.4928,  0.3594, -0.7239,  1.1749,  0.2291, -0.4574,
         -0.6190,  0.4885,  2.4480, -1.7222,  0.2878, -0.6495, -0.5605, -0.2180]],
       grad_fn=<SliceBackward>)
tensor([[ 6.7505e-01, -2.4520e-01,  2.1438e-01,  1.9407e-01, -3.2476e-01,
          6.6070e-01,  1.3402e-01, -2.6817e-01, -3.6651e-01,  2.8124e-01,
          1.8667e+00, -1.3255e+00,  3.4246e-04, -4.6677e-01, -8.7862e-01,
         -1.8969e-01]], grad_fn=<SliceBackward>)
tensor([[ 0.6048, -0.2139,  0.1699,  0.1682, -0.2617,  0.5801,  0.1191, -0.2386,
         -0.3275,  0.2488,  1.7774, -1.2658, -0.0454, -0.4400, -0.9301, -0.1844]],
       grad_fn=<SliceBackward>)
tensor([[ 1.7785, -0.7321,  0.8897,  0.5971, -1.2949,  1.9144,  0.3659, -0.7297,
         -0.9869,  0.7866,  3.2974, -2.3120,  0.6941, -0.9223, -0.1135, -0.2564]],
       grad_fn=<SliceBackward>)
tensor([[ 1.0577, -0.4136,  0.4459,  0.3335, -0.6590,  1.0945,  0.2142, -0.4280,
         -0.5838,  0.4561,  2.3671, -1.6743,  0.2375, -0.6286, -0.6185, -0.2115]],
       grad_fn=<SliceBackward>)
tensor([[ 0.5617, -0.1945,  0.1400,  0.1521, -0.2211,  0.5301,  0.1098, -0.2202,
         -0.3060,  0.2286,  1.7278, -1.2360, -0.0768, -0.4269, -0.9673, -0.1797]],
       grad_fn=<SliceBackward>)
tensor([[ 1.7789, -0.7316,  0.8878,  0.5968, -1.2913,  1.9133,  0.3657, -0.7293,
         -0.9918,  0.7862,  3.3071, -2.3267,  0.6846, -0.9299, -0.1214, -0.2566]],
       grad_fn=<SliceBackward>)
tensor([[-0.6776,  0.3528, -0.6244, -0.3010,  0.8704, -0.8789, -0.1508,  0.2980,
          0.3898, -0.3394,  0.1257, -0.1318, -0.8538,  0.0823, -1.8346, -0.1006]],
       grad_fn=<SliceBackward>)
tensor([[ 0.9981, -0.3865,  0.4053,  0.3111, -0.6017,  1.0247,  0.2013, -0.4031,
         -0.5557,  0.4280,  2.3010, -1.6358,  0.1911, -0.6120, -0.6712, -0.2053]],
       grad_fn=<SliceBackward>)
tensor([[ 0.9302, -0.3565,  0.3624,  0.2862, -0.5412,  0.9473,  0.1870, -0.3749,
         -0.5182,  0.3968,  2.2147, -1.5776,  0.1469, -0.5852, -0.7204, -0.2002]],
       grad_fn=<SliceBackward>)
tensor([[ 1.2264, -0.4871,  0.5436,  0.3943, -0.8008,  1.2835,  0.2492, -0.4989,
         -0.6857,  0.5323,  2.6002, -1.8460,  0.3298, -0.7090, -0.5157, -0.2188]],
       grad_fn=<SliceBackward>)
tensor([[ 0.8440, -0.3183,  0.3070,  0.2545, -0.4643,  0.8489,  0.1688, -0.3388,
         -0.4704,  0.3571,  2.1065, -1.5054,  0.0904, -0.5514, -0.7843, -0.1942]],
       grad_fn=<SliceBackward>)
tensor([[ 0.7988, -0.2982,  0.2780,  0.2379, -0.4238,  0.7972,  0.1592, -0.3198,
         -0.4454,  0.3363,  2.0498, -1.4677,  0.0609, -0.5343, -0.8181, -0.1903]],
       grad_fn=<SliceBackward>)
tensor([[ 1.8174, -0.7472,  0.9047,  0.6096, -1.3162,  1.9533,  0.3731, -0.7456,
         -1.0228,  0.8023,  3.3736, -2.3895,  0.6891, -0.9612, -0.1114, -0.2553]],
       grad_fn=<SliceBackward>)
tensor([[-0.3759,  0.2200, -0.4489, -0.1911,  0.6078, -0.5370, -0.0875,  0.1713,
          0.2173, -0.2016,  0.5290, -0.4125, -0.6663, -0.0459, -1.6400, -0.1133]],
       grad_fn=<SliceBackward>)
tensor([[ 0.4648, -0.1505,  0.0682,  0.1156, -0.1281,  0.4169,  0.0889, -0.1798,
         -0.2592,  0.1830,  1.6219, -1.1742, -0.1496, -0.3993, -1.0572, -0.1674]],
       grad_fn=<SliceBackward>)
tensor([[ 1.7973, -0.7350,  0.8870,  0.5995, -1.2819,  1.9149,  0.3672, -0.7399,
         -1.0187,  0.7896,  3.3477, -2.3787,  0.6620, -0.9639, -0.1365, -0.2539]],
       grad_fn=<SliceBackward>)
tensor([[-0.6383,  0.3356, -0.6155, -0.2867,  0.8372, -0.8336, -0.1426,  0.2814,
          0.3658, -0.3215,  0.1932, -0.1790, -0.8250,  0.0639, -1.8283, -0.0943]],
       grad_fn=<SliceBackward>)
tensor([[-1.0832,  0.5311, -0.8907, -0.4486,  1.2243, -1.3357, -0.2357,  0.4679,
          0.6187, -0.5244, -0.3834,  0.2239, -1.0958,  0.2517, -2.1375, -0.0648]],
       grad_fn=<SliceBackward>)
tensor([[ 0.8877, -0.3349,  0.3234,  0.2683, -0.4890,  0.8878,  0.1767, -0.3585,
         -0.5034,  0.3744,  2.1758, -1.5657,  0.1009, -0.5837, -0.7741, -0.1927]],
       grad_fn=<SliceBackward>)
tensor([[ 1.2615, -0.4990,  0.5531,  0.4042, -0.8134,  1.3092,  0.2549, -0.5153,
         -0.7166,  0.5447,  2.6623, -1.9077,  0.3249, -0.7432, -0.5169, -0.2163]],
       grad_fn=<SliceBackward>)
tensor([[ 0.4684, -0.1505,  0.0624,  0.1156, -0.1235,  0.4143,  0.0889, -0.1828,
         -0.2655,  0.1830,  1.6358, -1.1902, -0.1559, -0.4079, -1.0692, -0.1638]],
       grad_fn=<SliceBackward>)
tensor([[ 0.2867, -0.0705, -0.0510,  0.0495,  0.0349,  0.2091,  0.0509, -0.1067,
         -0.1624,  0.1000,  1.4017, -1.0271, -0.2663, -0.3318, -1.1972, -0.1508]],
       grad_fn=<SliceBackward>)
tensor([[ 1.7920, -0.7315,  0.8777,  0.5967, -1.2716,  1.9063,  0.3656, -0.7377,
         -1.0217,  0.7861,  3.3609, -2.4043,  0.6380, -0.9751, -0.1583, -0.2483]],
       grad_fn=<SliceBackward>)
tensor([[ 0.3646, -0.1045, -0.0054,  0.0776, -0.0316,  0.2965,  0.0672, -0.1393,
         -0.2085,  0.1353,  1.5064, -1.1026, -0.2209, -0.3673, -1.1473, -0.1545]],
       grad_fn=<SliceBackward>)
tensor([[ 0.7976, -0.2944,  0.2620,  0.2348, -0.4065,  0.7841,  0.1575, -0.3202,
         -0.4559,  0.3325,  2.0710, -1.5011,  0.0363, -0.5541, -0.8497, -0.1837]],
       grad_fn=<SliceBackward>)
tensor([[ 1.6937, -0.6874,  0.8169,  0.5601, -1.1820,  1.7930,  0.3446, -0.6957,
         -0.9697,  0.7403,  3.2390, -2.3252,  0.5687, -0.9407, -0.2317, -0.2447]],
       grad_fn=<SliceBackward>)
tensor([[-1.0875,  0.5332, -0.9104, -0.4504,  1.2289, -1.3407, -0.2364,  0.4689,
          0.6200, -0.5264, -0.3784,  0.2233, -1.0872,  0.2537, -2.1594, -0.0518]],
       grad_fn=<SliceBackward>)
tensor([[-0.3211,  0.1969, -0.4354, -0.1720,  0.5652, -0.4774, -0.0764,  0.1478,
          0.1811, -0.1775,  0.6202, -0.4809, -0.6317, -0.0764, -1.6301, -0.1048]],
       grad_fn=<SliceBackward>)
tensor([[ 0.6993, -0.2505,  0.1968,  0.1984, -0.3170,  0.6710,  0.1366, -0.2802,
         -0.4044,  0.2868,  1.9510, -1.4210, -0.0273, -0.5175, -0.9267, -0.1745]],
       grad_fn=<SliceBackward>)
tensor([[ 1.2390, -0.4870,  0.5310,  0.3942, -0.7828,  1.2781,  0.2492, -0.5066,
         -0.7140,  0.5323,  2.6550, -1.9197,  0.2910, -0.7519, -0.5551, -0.2113]],
       grad_fn=<SliceBackward>)
tensor([[ 0.8732, -0.3264,  0.3027,  0.2613, -0.4659,  0.8661,  0.1728, -0.3531,
         -0.5047,  0.3657,  2.1811, -1.5861,  0.0732, -0.5950, -0.8106, -0.1858]],
       grad_fn=<SliceBackward>)
tensor([[ 1.0634, -0.4097,  0.4201,  0.3302, -0.6295,  1.0797,  0.2124, -0.4328,
         -0.6144,  0.4521,  2.4308, -1.7645,  0.1841, -0.6790, -0.6812, -0.1981]],
       grad_fn=<SliceBackward>)
tensor([[ 1.6570, -0.6696,  0.7883,  0.5454, -1.1412,  1.7471,  0.3362, -0.6814,
         -0.9565,  0.7219,  3.2073, -2.3170,  0.5326, -0.9390, -0.2740, -0.2384]],
       grad_fn=<SliceBackward>)
tensor([[ 0.3235, -0.0851, -0.0423,  0.0614,  0.0111,  0.2466,  0.0579, -0.1226,
         -0.1915,  0.1152,  1.4703, -1.0864, -0.2539, -0.3603, -1.1974, -0.1444]],
       grad_fn=<SliceBackward>)
tensor([[ 0.9860, -0.3751,  0.3693,  0.3015, -0.5595,  0.9910,  0.1959, -0.3994,
         -0.5726,  0.4162,  2.3352, -1.7017,  0.1332, -0.6510, -0.7416, -0.1904]],
       grad_fn=<SliceBackward>)
tensor([[ 1.7595, -0.7137,  0.8510,  0.5818, -1.2257,  1.8602,  0.3571, -0.7230,
         -1.0187,  0.7676,  3.3465, -2.4217,  0.5843, -0.9911, -0.2092, -0.2452]],
       grad_fn=<SliceBackward>)
tensor([[-0.3233,  0.1986, -0.4495, -0.1734,  0.5709, -0.4815, -0.0773,  0.1484,
          0.1790, -0.1792,  0.6316, -0.4924, -0.6340, -0.0803, -1.6508, -0.0970]],
       grad_fn=<SliceBackward>)
tensor([[ 0.0199,  0.0485, -0.2363, -0.0491,  0.2757, -0.0961, -0.0057,  0.0046,
         -0.0193, -0.0233,  1.0806, -0.8124, -0.4345, -0.2314, -1.4154, -0.1208]],
       grad_fn=<SliceBackward>)
tensor([[ 0.9475, -0.3574,  0.3414,  0.2869, -0.5224,  0.9457,  0.1875, -0.3834,
         -0.5545,  0.3979,  2.2932, -1.6768,  0.1045, -0.6401, -0.7773, -0.1860]],
       grad_fn=<SliceBackward>)
tensor([[ 1.1405, -0.4418,  0.4610,  0.3568, -0.6880,  1.1623,  0.2277, -0.4643,
         -0.6664,  0.4855,  2.5474, -1.8588,  0.2153, -0.7262, -0.6463, -0.1986]],
       grad_fn=<SliceBackward>)
tensor([[ 2.0611, -0.8446,  1.0347,  0.6902, -1.4797,  2.1961,  0.4195, -0.8494,
         -1.1981,  0.9034,  3.7529, -2.7204,  0.7481, -1.1332, -0.0143, -0.2639]],
       grad_fn=<SliceBackward>)
tensor([[ 0.2066, -0.0336, -0.1232,  0.0188,  0.1172,  0.1129,  0.0334, -0.0759,
         -0.1277,  0.0619,  1.3335, -0.9957, -0.3278, -0.3162, -1.2938, -0.1308]],
       grad_fn=<SliceBackward>)
tensor([[ 1.6566, -0.6701,  0.7849,  0.5458, -1.1297,  1.7420,  0.3364, -0.6889,
         -0.9625,  0.7224,  3.2371, -2.3571,  0.5139, -0.9554, -0.2930, -0.2336]],
       grad_fn=<SliceBackward>)
tensor([[-0.7473,  0.3851, -0.7237, -0.3278,  0.9376, -0.9588, -0.1660,  0.3271,
          0.4215, -0.3726,  0.0864, -0.1052, -0.8816,  0.1026, -1.9569, -0.0609]],
       grad_fn=<SliceBackward>)
tensor([[ 0.8497, -0.3159,  0.2776,  0.2525, -0.4358,  0.8355,  0.1677, -0.3478,
         -0.4980,  0.3549,  2.1829, -1.6062,  0.0427, -0.6020, -0.8544, -0.1752]],
       grad_fn=<SliceBackward>)
tensor([[ 1.6249, -0.6562,  0.7644,  0.5342, -1.1023,  1.7064,  0.3297, -0.6754,
         -0.9443,  0.7080,  3.2029, -2.3383,  0.4895, -0.9451, -0.3201, -0.2306]],
       grad_fn=<SliceBackward>)
tensor([[-1.1507,  0.5622, -0.9827, -0.4745,  1.2845, -1.4120, -0.2504,  0.4975,
          0.6537, -0.5563, -0.4399,  0.2714, -1.1119,  0.2796, -2.2419, -0.0292]],
       grad_fn=<SliceBackward>)
tensor([[-0.5663,  0.3057, -0.6159, -0.2621,  0.7820, -0.7555, -0.1283,  0.2506,
          0.3172, -0.2901,  0.3290, -0.2798, -0.7753,  0.0211, -1.8390, -0.0712]],
       grad_fn=<SliceBackward>)
tensor([[ 0.8126, -0.2996,  0.2511,  0.2390, -0.4037,  0.7938,  0.1600, -0.3323,
         -0.4768,  0.3380,  2.1449, -1.5831,  0.0164, -0.5893, -0.8882, -0.1701]],
       grad_fn=<SliceBackward>)
tensor([[ 1.1319, -0.4397,  0.4516,  0.3550, -0.6782,  1.1524,  0.2267, -0.4672,
         -0.6606,  0.4834,  2.5663, -1.8865,  0.1980, -0.7311, -0.6687, -0.1936]],
       grad_fn=<SliceBackward>)
tensor([[ 0.0373,  0.0407, -0.2396, -0.0428,  0.2630, -0.0773, -0.0020, -0.0046,
         -0.0305, -0.0152,  1.1290, -0.8555, -0.4299, -0.2475, -1.4280, -0.1118]],
       grad_fn=<SliceBackward>)
tensor([[ 0.6996, -0.2500,  0.1771,  0.1979, -0.3064,  0.6668,  0.1364, -0.2845,
         -0.4118,  0.2865,  2.0024, -1.4843, -0.0514, -0.5415, -0.9719, -0.1601]],
       grad_fn=<SliceBackward>)
tensor([[ 1.8523, -0.7559,  0.9046,  0.6168, -1.2975,  1.9618,  0.3773, -0.7717,
         -1.0756,  0.8115,  3.5218, -2.5792,  0.6052, -1.0537, -0.1762, -0.2461]],
       grad_fn=<SliceBackward>)
tensor([[-0.0762,  0.0906, -0.3153, -0.0841,  0.3607, -0.2049, -0.0258,  0.0434,
          0.0349, -0.0669,  0.9850, -0.7538, -0.4950, -0.1992, -1.5124, -0.1001]],
       grad_fn=<SliceBackward>)
tensor([[ 0.6929, -0.2470,  0.1701,  0.1954, -0.3005,  0.6592,  0.1349, -0.2816,
         -0.4080,  0.2834,  1.9992, -1.4858, -0.0585, -0.5416, -0.9822, -0.1583]],
       grad_fn=<SliceBackward>)
