2.8925819396972656
71.11068725585938
88.55198669433594
1.746312141418457
69.9141845703125
50.23542404174805
17.91763687133789
28.69614028930664
18.701541900634766
53.10115432739258
20.531620025634766
7.053920269012451
89.7634048461914
53.98346710205078
19.161975860595703
217.4782257080078
27.418861389160156
21.52788734436035
61.597286224365234
29.708538055419922
16.300100326538086
26.564966201782227
83.8572006225586
41.860477447509766
54.07701110839844
34.05388259887695
20.466035842895508
12.269303321838379
130.0951690673828
48.137264251708984
17.85780906677246
97.51498413085938
40.902061462402344
68.4981460571289
72.48793029785156
138.97409057617188
52.51711654663086
41.54525375366211
109.02046203613281
30.6101016998291
33.37622833251953
75.27891540527344
65.18635559082031
80.72116088867188
57.8797721862793
333.22235107421875
43.90695571899414
40.7691650390625
24.2729434967041
92.07349395751953
22.17291831970215
33.80711364746094
98.66202545166016
67.08050537109375
40.210968017578125
315.16802978515625
64.96673583984375
57.68362045288086
83.82612609863281
52.363243103027344
25.782957077026367
80.53558349609375
47.684181213378906
85.45861053466797
74.32766723632812
208.9881591796875
20.185211181640625
26.947938919067383
50.05313491821289
66.02606964111328
20.801454544067383
151.479248046875
64.5965805053711
41.16997146606445
67.22604370117188
70.24708557128906
91.34512329101562
53.40365982055664
51.35307312011719
82.54360961914062
22.38248062133789
110.50418090820312
218.31167602539062
19.740503311157227
80.339599609375
146.1551055908203
45.833892822265625
31.43222427368164
96.49923706054688
14.11243724822998
21.785249710083008
93.19392395019531
83.77627563476562
10.63673210144043
66.34213256835938
199.84576416015625
40.3310546875
11.6683931350708
67.25276184082031
42.70341873168945
18.994964599609375
107.2691650390625
44.7874641418457
25.821945190429688
32.70646286010742
47.65040969848633
36.183250427246094
41.04854202270508
116.9817123413086
74.62887573242188
16.458833694458008
65.30865478515625
60.640464782714844
47.986968994140625
31.68491554260254
28.963754653930664
19.98445701599121
18.703624725341797
44.73433303833008
20.042818069458008
16.435100555419922
49.89638137817383
91.0284423828125
35.06501007080078
65.3260726928711
29.59340476989746
12.885581016540527
5.783694744110107
13.183423042297363
18.74469566345215
20.78188705444336
57.44572830200195
49.939422607421875
21.39566421508789
70.58537292480469
70.5521011352539
10.42513370513916
15.523382186889648
47.41289138793945
29.915058135986328
22.173429489135742
129.18035888671875
78.10194396972656
53.852413177490234
76.82061767578125
284.30859375
36.68910217285156
35.28042984008789
90.1030502319336
62.09906768798828
21.773160934448242
77.08534240722656
114.85723114013672
83.2663803100586
42.90011215209961
235.64273071289062
65.94998931884766
19.00172996520996
40.50117492675781
10.163294792175293
21.573551177978516
94.54190063476562
71.83568572998047
63.959468841552734
46.350616455078125
79.95958709716797
43.31624984741211
28.30366325378418
110.66075897216797
79.51085662841797
18.19221305847168
158.901611328125
47.866485595703125
65.30770874023438
54.00959777832031
38.79519271850586
27.86920166015625
47.647029876708984
12.843731880187988
65.5435791015625
20.27176284790039
56.44953918457031
148.5579376220703
37.50851821899414
56.138553619384766
80.35382843017578
35.5625114440918
48.360321044921875
24.631757736206055
27.7978515625
14.511739730834961
67.41327667236328
74.34677124023438
32.13804244995117
68.61768341064453
128.177001953125
29.84348487854004
26.092472076416016
60.220523834228516
28.41054344177246
17.72810935974121
84.51215362548828
126.89032745361328
77.58875274658203
63.87286376953125
95.24777221679688
40.66876220703125
47.86895751953125
104.10208892822266
12.276924133300781
14.805319786071777
46.37565994262695
55.156375885009766
40.30426788330078
52.77653884887695
94.88178253173828
23.807844161987305
0.3702082633972168
44.414512634277344
31.52607536315918
19.004858016967773
59.70889663696289
73.77180480957031
52.14015197753906
28.619096755981445
54.039833068847656
36.847896575927734
14.96735668182373
45.711402893066406
84.5125503540039
24.454776763916016
128.3389129638672
74.22541809082031
138.38214111328125
71.71845245361328
133.5126953125
40.952823638916016
50.803585052490234
46.847389221191406
64.82857513427734
22.65559959411621
97.77741241455078
120.722900390625
63.715675354003906
79.66979217529297
67.4694595336914
38.2151985168457
24.093994140625
50.220855712890625
45.6009521484375
21.70342254638672
84.36782836914062
20.055967330932617
79.34963989257812
50.752437591552734
127.86793518066406
45.600032806396484
43.9643669128418
82.38744354248047
51.51866912841797
22.02735137939453
91.02696990966797
89.07428741455078
43.09821701049805
42.83247375488281
126.9101791381836
51.64805603027344
26.937868118286133
60.73434066772461
91.23873138427734
16.681425094604492
99.77754974365234
34.48644256591797
38.43533706665039
55.876548767089844
142.3271026611328
50.97208786010742
12.563935279846191
56.01348114013672
38.567771911621094
20.274667739868164
75.95894622802734
105.98831939697266
62.70756530761719
48.00352478027344
114.44847869873047
56.325069427490234
21.266462326049805
79.30329895019531
76.50692749023438
26.024394989013672
85.66421508789062
24.169748306274414
60.809200286865234
31.09844398498535
104.63858795166016
48.353851318359375
33.081668853759766
60.10105895996094
45.3355712890625
26.5553035736084
97.8297119140625
78.35916137695312
111.6283950805664
48.08998107910156
88.96790313720703
35.35037612915039
50.6796989440918
52.57010269165039
113.11138153076172
28.491863250732422
55.950592041015625
86.5302734375
71.5566177368164
46.00159454345703
114.801513671875
48.454833984375
31.15113639831543
43.786964416503906
54.677852630615234
19.90975570678711
63.47671890258789
91.23521423339844
49.89792251586914
76.01602172851562
84.22422790527344
57.84748840332031
27.64038848876953
75.13473510742188
60.78478240966797
17.999908447265625
90.98236846923828
10.532754898071289
43.05019760131836
50.57090759277344
80.08549499511719
35.01533508300781
30.090740203857422
34.278526306152344
34.52779006958008
22.42241668701172
92.41698455810547
35.655738830566406
59.733131408691406
45.9119758605957
63.69171142578125
47.430110931396484
11.919336318969727
39.78261184692383
67.1755142211914
17.543718338012695
95.987548828125
50.60488510131836
39.03799819946289
40.09954071044922
103.98773193359375
29.874765396118164
23.946626663208008
27.135183334350586
45.16672897338867
21.102649688720703
92.49613952636719
96.76809692382812
56.148963928222656
50.19300079345703
40.11746597290039
42.15353012084961
30.509307861328125
53.05156326293945
68.1639175415039
20.791202545166016
89.40225219726562
99.50484466552734
71.03881072998047
59.383480072021484
122.07466125488281
44.27851867675781
20.990875244140625
51.1163330078125
20.194530487060547
22.35298728942871
111.8213882446289
11.951870918273926
56.487178802490234
41.69329833984375
93.71746063232422
27.15943717956543
27.276836395263672
59.227333068847656
28.29057502746582
22.678510665893555
61.22460174560547
50.7064323425293
52.88710021972656
47.14511489868164
85.94010925292969
27.496826171875
23.076974868774414
70.30972290039062
54.86381530761719
22.09257698059082
74.43619537353516
69.8717269897461
88.34197235107422
39.94788360595703
132.7239227294922
38.048213958740234
9.80679988861084
75.45247650146484
43.07365036010742
18.734786987304688
66.73979949951172
60.32912826538086
30.635007858276367
50.66554641723633
39.0937385559082
28.074092864990234
36.31951141357422
22.402894973754883
36.82839584350586
20.634876251220703
73.85748291015625
51.24585723876953
61.6135368347168
37.297733306884766
87.72489166259766
47.18456268310547
26.466264724731445
67.19112396240234
32.411678314208984
20.894121170043945
82.54439544677734
70.15843200683594
36.745750427246094
49.497432708740234
159.00975036621094
47.28767776489258
27.933135986328125
79.69124603271484
51.2928581237793
17.885324478149414
81.08528900146484
98.67011260986328
101.5744857788086
56.68471908569336
63.31507110595703
40.537113189697266
21.372411727905273
40.79691696166992
32.208744049072266
22.093006134033203
84.14476013183594
46.14695358276367
53.0369873046875
36.63795471191406
48.5950813293457
43.55077362060547
23.69793128967285
45.04523468017578
43.96186447143555
21.281068801879883
96.70523834228516
137.3429412841797
44.27460479736328
40.31010818481445
52.95599365234375
45.31446838378906
13.454667091369629
45.48566818237305
50.59699630737305
20.35344886779785
92.24805450439453
140.33119201660156
44.003257751464844
32.85395812988281
136.27261352539062
49.84799575805664
20.071306228637695
73.8696060180664
31.501361846923828
20.464378356933594
67.80768585205078
61.750709533691406
40.03419494628906
54.50544738769531
91.0394058227539
44.295841217041016
36.11669158935547
59.55003356933594
40.80353927612305
18.074377059936523
73.46168518066406
85.6772232055664
61.93375015258789
41.33383560180664
111.1127700805664
48.20401382446289
36.14647674560547
73.97144317626953
52.81246566772461
