20864.267578125
9750.1884765625
26842.55859375
4170698.25
43578.57421875
179168.34375
42882.7734375
8167.22412109375
181101.1875
31536.783203125
4007.521484375
245039.453125
26190.62890625
16090.875
5092.5419921875
274995.53125
18882.541015625
8067.509765625
14528.5673828125
136122.78125
4281.953125
27858.091796875
20970.591796875
24499.3125
14935.009765625
468232.78125
28006.388671875
11159.90234375
46407.1875
34030.37890625
3773.253173828125
18860.130859375
22398.119140625
10779.4873046875
45687.23046875
25167.33203125
8010.740234375
10801.884765625
22557.1171875
97213.3125
3900.15771484375
9119.63671875
13914.0029296875
10452.2294921875
19034.921875
10615807.0
8299.0185546875
10169.7783203125
78076.1796875
11405.7880859375
3309.34521484375
14616.5478515625
31317.095703125
10143.07421875
6789.52099609375
5914533.5
8785.7373046875
22387.486328125
11582.892578125
24960.890625
3170.77392578125
9687.4306640625
15910.755859375
10324.974609375
47272.92578125
176948.515625
24505.853515625
6376.07568359375
16175.4560546875
14775.943359375
3158.036865234375
163816.0
12799.1171875
20332.205078125
30860.341796875
43263.40625
18941.96875
17226.6015625
14789.0087890625
10533.2587890625
3002.5849609375
28752.857421875
2964631.25
93281.609375
67267.4765625
25531.291015625
7233.5166015625
6380.677734375
13560.7421875
436756.875
2933.552490234375
13637.6435546875
16811.73046875
268616.625
26753.3125
120134.875
7804.8359375
9290.2333984375
9947.2685546875
37114.7421875
2962.930908203125
23386.732421875
15693.2119140625
49345.7578125
4006.7666015625
124154.7421875
8716.5458984375
8120.68798828125
22769.802734375
10806.533203125
3061.95458984375
6344.52099609375
11262.224609375
13422.994140625
3839.116455078125
476414.25
21689.052734375
5899.982421875
17492.671875
201486.21875
2992.83935546875
6842.27978515625
19456.513671875
25057.91015625
22944.8515625
448718.15625
42864.83984375
16024.62109375
195405.890625
228749.859375
2652.77978515625
6091.7109375
12546.23046875
69053.640625
31480.658203125
36710.9453125
57335.83984375
6262.044921875
14126.4443359375
73882.390625
2516.522216796875
56150.68359375
13204.623046875
9889.859375
47926.6484375
1716952.625
7501.5576171875
6198.5654296875
10321.3388671875
13004.5546875
2472.789306640625
7442.77685546875
45422.41796875
7958.13916015625
6170.50439453125
351223.875
6988.51806640625
5274.953125
19001.236328125
573150.6875
2431.643310546875
13091.5830078125
11132.88671875
7787.31298828125
7380.58349609375
23477.701171875
6150.37109375
4970.93603515625
17384.423828125
8697.76953125
2522.4814453125
188310.921875
11974.5283203125
7538.49365234375
11454.7529296875
190749.34375
10811.861328125
10264.63671875
174214.109375
11253.7412109375
2375.78564453125
5548.818359375
165997.109375
18564.568359375
13001.3056640625
22037.228515625
7327.09912109375
10057.1337890625
51353.765625
81130.8125
2727.617431640625
5642.8037109375
10829.6806640625
24733.962890625
26300.765625
14011.9150390625
9311.66796875
4474.1806640625
8730.3515625
76180.40625
2378.40478515625
8486.5390625
65895.7578125
6788.04736328125
19610.501953125
14502.76171875
6039.45654296875
9670.216796875
13075.94140625
386033.9375
2577.6611328125
6245.47412109375
9508.6298828125
14929.48046875
9884.8173828125
14360.931640625
12924.3310546875
53530.7890625
14221.3544921875
58403.0625
2214.103271484375
5148.32177734375
10337.3564453125
8944.1484375
2975.34912109375
64903.33984375
6511.98779296875
5118.35205078125
12313.4130859375
7199.83251953125
2061.08642578125
49180.26171875
10177.40625
32839.3203125
32341.001953125
14288.2744140625
5448.1767578125
10990.3916015625
11701.6962890625
9866.814453125
2014.0445556640625
13374.07421875
49723.93359375
6444.17041015625
50939.59765625
30687.19140625
5820.22509765625
3956.46826171875
10234.150390625
21714.666015625
1985.8099365234375
7901.8583984375
48747.1015625
6117.13232421875
8333.4521484375
12408.0595703125
4915.52880859375
7218.53759765625
7211.3798828125
16121.6728515625
1951.6329345703125
9888.412109375
14477.626953125
11512.806640625
5194.58544921875
12058.98046875
4673.31982421875
3897.016845703125
7493.8388671875
6769.05322265625
2120.9365234375
13728.5126953125
16996.0859375
14347.328125
11165.9873046875
15876.623046875
4601.58203125
5444.4150390625
8202.7119140625
31430.51953125
1917.2010498046875
5931.87646484375
25981.599609375
6130.35986328125
6850.37353515625
10559.76953125
4622.65185546875
3769.030517578125
6633.337890625
7139.7978515625
1865.4459228515625
7881.63525390625
30634.99609375
6013.03369140625
2915.27685546875
10410.6767578125
4418.04150390625
4220.642578125
7015.359375
19821.744140625
1827.4862060546875
12167.091796875
9746.51171875
11080.87109375
6662.3115234375
13122.728515625
5761.33447265625
9372.4638671875
8426.6357421875
8422.8642578125
1846.5718994140625
4477.6728515625
12129.4208984375
5252.6787109375
5786.7119140625
9818.923828125
4285.9677734375
3725.27734375
11772.2333984375
12556.4287109375
1770.4334716796875
4434.68212890625
13611.1767578125
7659.53857421875
34847.7890625
14404.2041015625
4317.8017578125
3411.502685546875
5922.92578125
9794.3837890625
1806.7039794921875
8694.2177734375
117816.09375
9898.5810546875
7126.015625
16094.36328125
5630.3046875
3503.037841796875
19054.419921875
36375.24609375
1668.457763671875
9054.3603515625
13760.2685546875
5684.966796875
5342.75830078125
29758.927734375
4118.15283203125
4815.51611328125
13717.8154296875
7786.33349609375
1759.389892578125
10229.6357421875
7776.82568359375
11547.5126953125
3809.192626953125
9446.712890625
6870.31494140625
3132.88671875
30004.19140625
18593.27734375
1616.483154296875
8715.984375
15202.4716796875
5897.341796875
6585.1171875
104071.8671875
4281.60498046875
3320.510498046875
7510.6142578125
7255.38232421875
1578.7276611328125
7707.634765625
16591.59375
4660.95361328125
11470.1123046875
9080.03125
4019.02197265625
3034.32861328125
7762.58837890625
106870.046875
1519.9044189453125
17588.18359375
87175.34375
5514.771484375
3786.889892578125
9963.1025390625
7181.1337890625
2925.2412109375
5965.638671875
49606.6171875
1468.7288818359375
3862.87548828125
6944.3095703125
5785.45068359375
5063.94677734375
11348.9072265625
6800.05859375
2758.197998046875
5008.2939453125
9875.181640625
1424.0260009765625
4601.38720703125
6585.88134765625
4860.298828125
3411.067626953125
9649.0869140625
4171.9296875
4390.609375
4922.1396484375
17052.15234375
1424.651123046875
3868.015625
5925.970703125
14381.3876953125
5926.72216796875
84422.5625
6080.97802734375
3471.89990234375
34065.59375
23663.93359375
1354.76123046875
4343.7705078125
6192.46923828125
4283.5126953125
2838.146728515625
9607.1611328125
3366.396484375
2582.295654296875
4732.853515625
30627.486328125
1317.0341796875
5373.70947265625
6170.61083984375
9274.279296875
5397.21728515625
16518.203125
3264.103759765625
2570.947998046875
4744.7685546875
10096.6416015625
1308.6142578125
5056.48095703125
13341.0068359375
5883.57958984375
8193.3740234375
19679.798828125
3476.09326171875
2381.2451171875
9097.2158203125
29036.63671875
1242.150146484375
5420.1630859375
6348.7060546875
4598.45361328125
2590.992919921875
39243.75390625
3194.637939453125
2293.872802734375
7165.548828125
13225.7646484375
1197.8001708984375
8159.724609375
53230.25
5715.6240234375
3019.450927734375
28799.1171875
3040.55859375
2656.26171875
6802.634765625
9274.7763671875
1163.828125
6732.2822265625
57416.02734375
5484.07421875
2083.22509765625
8504.62109375
2890.436767578125
2132.37939453125
4067.34814453125
26098.373046875
1121.027587890625
3383.14404296875
4911.2001953125
6174.80078125
6446.49169921875
7109.9833984375
2864.884033203125
2839.085693359375
4251.0869140625
13743.8974609375
1092.9820556640625
3681.251708984375
7574.54345703125
3335.847412109375
2913.4716796875
5943.35986328125
2711.149169921875
2715.359619140625
3792.294189453125
7194.4658203125
