20861374.0
9679078.0
26754004.0
4170696192.0
43508660.0
179118096.0
42864852.0
8138527.5
181082480.0
31483680.0
3986989.5
245032400.0
26100864.0
16036891.0
5073379.5
274778048.0
18855122.0
8045981.5
14466969.0
136093072.0
4265652.5
27831526.0
20886734.0
24457450.0
14880932.0
468198688.0
27985920.0
11147632.0
46277092.0
33982240.0
3755395.0
18762614.0
22357216.0
10710989.0
45614740.0
25028356.0
7958223.0
10760339.0
22448096.0
97182696.0
3866781.25
9044357.0
13848816.0
10371508.0
18977042.0
10615473152.0
8255110.5
10129008.0
78051904.0
11313714.0
3287172.25
14582741.0
31218432.0
10075994.0
6749309.5
5914217984.0
8720770.0
22329802.0
11499066.0
24908526.0
3144990.75
9606895.0
15863071.0
10239515.0
47198596.0
176739520.0
24485666.0
6349127.5
16125403.0
14709916.0
3137235.25
163664512.0
12734520.0
20291034.0
30793114.0
43193160.0
18850622.0
17173196.0
14737655.0
10450714.0
2980202.25
28642352.0
2964412928.0
93261864.0
67187136.0
25385136.0
7187682.5
6349245.5
13464243.0
436742720.0
2911767.25
13544449.0
16727954.0
268605984.0
26686970.0
119935024.0
7764504.5
9278565.0
9880015.0
37072036.0
2943936.0
23279462.0
15648424.0
49319936.0
3974059.75
124107088.0
8680362.0
8079639.5
22652820.0
10731904.0
3045495.75
6279212.0
11201583.0
13375006.0
3807431.5
476385248.0
21669068.0
5881278.5
17447936.0
201466160.0
2976404.25
6792383.0
19365484.0
25022844.0
22879524.0
448688544.0
42851952.0
16018836.0
195392688.0
228731104.0
2631997.75
6034265.0
12496290.0
69032240.0
31410070.0
36640392.0
57325412.0
6246521.0
14079031.0
73852472.0
2494348.75
56021500.0
13126521.0
9836006.0
47849824.0
1716668288.0
7464868.5
6163285.0
10231235.0
12942455.0
2451016.0
7365691.0
45307560.0
7874872.0
6127604.0
350988192.0
6922567.5
5255951.0
18960734.0
573140480.0
2410069.75
12997040.0
11061050.0
7723353.0
7334232.5
23397742.0
6107054.5
4942632.0
17273762.0
8618258.0
2504289.25
188152000.0
11926662.0
7473185.5
11400743.0
190710544.0
10783992.0
10216989.0
174201264.0
11188197.0
2355513.75
5492368.5
165848544.0
18527060.0
12945166.0
21956874.0
7291536.5
10008773.0
51329132.0
81103008.0
2713105.5
5575390.5
10755333.0
24701824.0
26232148.0
13883738.0
9281824.0
4448088.0
8670130.0
76151992.0
2360676.75
8402027.0
65768864.0
6710458.0
19546628.0
14407513.0
5998787.5
9622347.0
12971838.0
386021632.0
2562855.5
6199098.5
9453473.0
14889175.0
9832041.0
14266049.0
12900523.0
53530416.0
14176940.0
58371532.0
2195098.25
5088612.5
10263584.0
8892007.0
2946729.75
64849296.0
6475140.0
5103384.5
12267702.0
7115319.5
2036631.625
49051920.0
10103180.0
32700936.0
32269282.0
14154761.0
5407224.0
10939587.0
11654848.0
9801986.0
1991388.875
13276296.0
49603208.0
6380454.5
50859928.0
30619722.0
5782009.5
3932374.0
10183929.0
21669064.0
1964106.5
7817490.5
48727044.0
6037782.5
8282700.0
12280191.0
4869928.5
7174573.0
7128992.5
16070154.0
1929605.5
9797384.0
14388552.0
11469707.0
5151752.5
11932070.0
4621671.5
3870078.75
7433104.0
6677814.0
2104255.0
13628735.0
16961598.0
14308892.0
11110110.0
15734295.0
4550609.5
5431851.0
8146698.5
31391950.0
1896926.25
5855917.0
25875610.0
6067652.0
6802370.0
10445321.0
4566326.5
3747764.0
6554034.5
7063290.5
1839421.375
7795971.0
30610824.0
5952224.5
2884178.25
10306038.0
4369687.5
4187560.75
6955258.0
19776408.0
1800930.875
12069261.0
9668152.0
10969243.0
6614221.5
13033760.0
5725983.5
9321784.0
8374065.5
8309752.5
1818080.0
4421722.0
12042890.0
5181122.0
5740710.0
9704122.0
4237512.5
3694126.0
11728446.0
12501750.0
1750523.625
4371205.5
13519941.0
7609640.5
34771772.0
14319979.0
4259954.0
3383862.25
5847790.5
9733598.0
1788704.0
8603235.0
117805560.0
9855531.0
7075444.5
16014277.0
5595289.5
3472946.75
19020140.0
36340716.0
1646035.375
8961943.0
13724613.0
5625233.5
5296846.0
29695234.0
4070722.75
4803596.5
13678033.0
7719158.0
1741846.125
10133648.0
7726220.5
11508474.0
3769092.75
9342725.0
6840439.5
3108940.0
29977056.0
18548110.0
1595380.375
8623488.0
15105702.0
5841192.5
6534924.0
104031744.0
4239451.5
3290001.0
7457562.0
7187218.0
1557936.375
7618232.0
16492089.0
4589915.0
11410728.0
8957957.0
3974743.25
3013337.5
7711472.0
106849848.0
1497551.375
17476360.0
87163384.0
5458284.0
3745196.25
9869384.0
7153974.0
2897964.25
5906411.0
49578324.0
1446050.375
3801650.75
6893602.5
5732563.0
5016801.5
11262966.0
6772561.5
2735121.0
4937984.0
9820317.0
1401933.375
4526951.0
6516009.5
4771957.0
3371119.5
9516363.0
4133881.0
4380802.5
4846687.0
17009078.0
1405916.375
3801275.75
5865641.5
14350752.0
5876056.5
84383464.0
6052903.5
3435580.25
34043188.0
23627104.0
1334126.25
4269913.0
6141223.0
4221898.5
2800848.75
9519436.0
3319211.75
2555829.25
4665662.5
30595072.0
1296140.0
5291165.0
6100452.5
9237533.0
5347719.5
16359194.0
3216816.0
2543014.75
4665077.0
10045348.0
1290728.875
4975395.5
13242336.0
5782004.5
8136689.0
19616484.0
3435556.0
2359872.75
9056419.0
29004426.0
1220057.125
5336018.5
6302559.0
4545416.5
2554354.75
39195160.0
3151087.0
2270174.75
7120503.0
13181802.0
1176519.0
8063019.0
53092904.0
5671349.5
2979140.75
28746160.0
2995244.0
2642807.0
6757148.5
9224179.0
1143474.625
6640034.0
57275692.0
5440070.5
2050371.0
8368348.0
2840588.75
2112308.0
3993478.25
26066870.0
1100563.125
3315336.25
4849449.5
6134766.5
6391986.0
7018943.5
2820588.0
2802968.75
4191537.0
13703093.0
1074907.625
3607789.75
7488866.0
3273913.5
2872137.75
5832247.0
2662945.0
2679213.0
3718322.5
7141653.0
