4959651.0
10223055.0
25353374.0
10621821.0
25219322.0
18245086.0
10930074.0
12388826.0
8825313.0
13920761.0
3483371.25
9229657.0
22626398.0
7849037.0
11401948.0
23251688.0
5614857.5
8087307.0
6271024.0
7366096.5
2798879.5
7382918.5
15593586.0
6250495.5
10277244.0
11021169.0
4700821.0
6173984.5
5131544.5
6456565.0
2234686.0
6068262.5
10244246.0
4894311.5
7472231.0
9100947.0
3840457.75
4818725.5
4149746.75
5264086.0
1794544.0
5145588.5
7054371.0
4025226.0
5648441.0
7286840.0
3113814.75
4219951.0
3280602.25
4289280.0
1402319.0
4213123.0
5570233.5
3229847.25
5516680.5
5677957.0
2473539.5
3549565.75
2578040.75
3298177.5
1084376.25
3351263.0
4398177.5
2568879.5
4000553.0
4485581.5
1988109.0
2887722.5
2034145.5
2577538.0
822150.6875
2714464.0
3483154.25
2004041.125
3832375.0
3482351.25
1545940.75
2418618.5
1544184.25
2034253.375
613008.75
2134634.25
2707252.5
1500012.375
3247151.25
2682776.5
1227190.125
2022754.75
1163143.25
1585082.5
448856.78125
1694078.875
2088028.0
1205415.75
2732551.75
1970839.75
943151.875
1641390.375
848484.3125
1236026.375
327634.1875
1328313.5
1572278.25
963004.875
2355429.5
1429626.25
723218.8125
1328036.25
618558.8125
955840.4375
241513.953125
1028260.3125
1188921.0
813017.5625
2036831.25
1018210.0
555903.125
1067913.125
458501.25
735002.625
185397.859375
755664.75
888134.0625
627136.0
1694209.25
709544.4375
431465.09375
852698.875
328252.78125
557926.9375
151257.890625
570955.6875
659040.5625
501711.625
1447966.5
500600.375
340333.375
676237.3125
242191.625
426048.125
134650.546875
421967.5625
491009.0
395154.90625
1206708.875
367031.1875
280195.71875
540588.0
188610.265625
333275.25
130076.96875
319847.65625
369281.40625
337260.4375
1011762.375
289919.28125
236821.5625
431917.59375
155953.3125
265669.6875
128574.96875
248341.234375
285590.3125
271330.28125
811843.8125
249057.359375
211564.796875
350228.90625
138618.984375
217252.421875
133507.453125
198176.484375
229388.875
227415.4375
664366.375
233675.09375
189449.1875
288547.46875
122982.15625
178880.9375
129352.8046875
167468.125
186785.234375
183384.28125
533671.5
217669.1875
166081.875
240073.984375
111161.46875
149479.8125
116047.390625
136469.328125
154102.734375
152027.703125
435332.5
207516.328125
143202.265625
201495.609375
100294.0390625
125500.1328125
104878.2265625
114792.4453125
127106.7109375
124640.7109375
354682.1875
174077.140625
123831.3046875
171299.140625
90609.6875
105728.59375
94591.3359375
97928.0078125
105787.8671875
103897.3828125
289399.40625
149433.71875
108058.2734375
144738.046875
82345.875
89017.1640625
82790.59375
82541.546875
87065.625
89205.96875
232031.03125
127537.125
92391.84375
122237.40625
73593.2265625
75092.0
73375.3203125
72327.5078125
72106.28125
74595.21875
190755.6875
101186.078125
77508.203125
101819.5234375
65517.3125
63278.0703125
64975.015625
62185.12109375
58397.984375
66866.2578125
153480.9375
81792.1171875
65428.4609375
83124.859375
55043.0546875
52399.75
55805.0234375
52510.234375
47616.78125
58404.6328125
117058.3515625
65911.96875
53646.73828125
65882.265625
44788.38671875
42575.80078125
47159.83203125
44785.41015625
37641.7578125
49607.03125
90159.765625
51352.10546875
41703.78125
50920.9765625
35196.18359375
33516.015625
39929.25
37365.73046875
29501.076171875
41869.1796875
68049.453125
36077.9296875
31385.943359375
38361.08203125
27143.57421875
25292.9453125
32861.27734375
30396.041015625
22322.025390625
35732.37109375
51968.58203125
28762.19921875
23470.57421875
28684.431640625
20769.51171875
18630.048828125
26468.982421875
24724.048828125
16429.01953125
29161.306640625
39498.31640625
22024.0703125
17182.337890625
21404.80859375
15548.359375
13430.2880859375
20894.67578125
20587.79296875
11411.447265625
22440.669921875
30253.134765625
16094.314453125
12590.3896484375
16251.6767578125
11703.48828125
9856.10546875
16890.7265625
17032.552734375
8254.2626953125
16735.158203125
22030.271484375
10830.859375
9353.935546875
12835.494140625
8811.7138671875
7320.84375
13464.6728515625
13212.5029296875
5895.07177734375
12617.8896484375
19426.833984375
7685.62255859375
7152.97705078125
10479.5546875
6862.3232421875
5371.8896484375
11128.0419921875
10766.1630859375
4809.95947265625
9427.4755859375
16807.34375
5729.2119140625
5574.01904296875
8971.1884765625
5460.8798828125
3644.2646484375
9027.6513671875
8810.4296875
3619.8740234375
7297.22900390625
14034.625
4022.40625
4507.92724609375
8023.90625
4447.5947265625
3074.071044921875
7572.35693359375
7881.6796875
2761.23291015625
5896.189453125
12896.216796875
2975.08056640625
3681.964599609375
7395.4736328125
3678.544677734375
2408.834716796875
6533.619140625
6294.271484375
2194.742431640625
4581.69287109375
12180.5302734375
2393.425537109375
2984.75439453125
6632.01708984375
2993.81982421875
1925.25146484375
5571.24072265625
5637.09423828125
1860.77294921875
3917.4404296875
11119.0087890625
1725.2889404296875
2529.081298828125
5831.49462890625
2482.840576171875
1491.991943359375
4829.40966796875
5334.66357421875
1496.0924072265625
3000.703857421875
10024.0244140625
1390.5054931640625
2110.544921875
5019.517578125
2051.968017578125
1310.7694091796875
4118.6455078125
4517.94091796875
1175.611572265625
2578.2802734375
9785.853515625
1154.770263671875
1784.6053466796875
4402.9580078125
1699.0562744140625
1057.686767578125
3567.216796875
4040.481201171875
1022.1195068359375
2106.611328125
8732.6435546875
908.4295043945312
1504.0465087890625
3930.142578125
1420.4078369140625
907.172607421875
3073.21337890625
3574.498046875
875.7544555664062
1766.9552001953125
8149.34619140625
738.502197265625
1304.1026611328125
3516.039306640625
1253.03857421875
761.5723266601562
2675.4462890625
3390.211181640625
801.039306640625
1487.689453125
7895.88330078125
620.6627807617188
1115.1907958984375
3108.61962890625
1039.2335205078125
647.4640502929688
2332.01025390625
2883.0947265625
669.9591674804688
1231.01953125
6404.6640625
532.9122314453125
938.9241333007812
2733.477783203125
918.6028442382812
558.274658203125
2024.6654052734375
2439.371826171875
612.3170776367188
1088.7015380859375
5528.05029296875
452.7705078125
839.7982177734375
2416.496826171875
777.460205078125
504.2060546875
1762.1436767578125
2291.250244140625
460.9305725097656
891.6980590820312
4898.2236328125
405.2386169433594
751.3912353515625
2203.714599609375
694.9984741210938
435.94891357421875
1543.900146484375
1942.674072265625
416.7372131347656
766.8994750976562
3870.011474609375
365.5225524902344
650.8016967773438
1888.7764892578125
619.7483520507812
389.0795593261719
1344.429443359375
1630.426025390625
393.30157470703125
669.6480712890625
3149.390625
324.60400390625
580.921630859375
1600.2222900390625
556.67626953125
351.6409912109375
1178.2432861328125
1464.6622314453125
350.1850891113281
576.2094116210938
2659.98779296875
303.8174133300781
515.9825439453125
1398.49462890625
486.9612121582031
320.49688720703125
1039.0992431640625
1310.8555908203125
335.8359069824219
514.9306640625
2308.341064453125
273.9466552734375
485.992919921875
1206.4962158203125
434.71478271484375
292.6394348144531
