4997.1875
10290.2041015625
25385.861328125
10673.9814453125
25285.009765625
18338.001953125
10955.8623046875
12435.322265625
8878.4052734375
13972.80859375
3501.6865234375
9278.19140625
22655.1953125
7905.1943359375
11450.513671875
23418.48828125
5667.5830078125
8124.81640625
6335.8349609375
7447.9736328125
2817.47021484375
7435.4140625
15625.974609375
6309.1689453125
10326.0751953125
11141.9658203125
4751.146484375
6206.26318359375
5202.03125
6549.70361328125
2253.494140625
6123.7421875
10282.939453125
4957.03466796875
7514.904296875
9221.4384765625
3885.600830078125
4844.36279296875
4218.4658203125
5355.87548828125
1812.3037109375
5195.53271484375
7101.6787109375
4083.675537109375
5685.47216796875
7403.3056640625
3163.06396484375
4247.72021484375
3346.70361328125
4381.83349609375
1420.025634765625
4262.00146484375
5618.55322265625
3285.139404296875
5556.46533203125
5781.61474609375
2521.1982421875
3576.366943359375
2645.30224609375
3384.078857421875
1101.750732421875
3404.838623046875
4446.99658203125
2621.2236328125
4032.991455078125
4586.224609375
2037.392578125
2910.988525390625
2104.23779296875
2658.033447265625
839.4444580078125
2769.738037109375
3530.027099609375
2054.396728515625
3867.21923828125
3583.212646484375
1593.29296875
2441.52099609375
1612.8111572265625
2114.6953125
629.4133911132812
2186.042236328125
2752.558837890625
1551.0909423828125
3280.048583984375
2784.50439453125
1275.336181640625
2045.343994140625
1230.611328125
1660.3746337890625
464.4988708496094
1745.8106689453125
2130.96630859375
1251.777587890625
2763.264892578125
2064.406494140625
989.3504028320312
1661.8966064453125
913.266845703125
1309.830322265625
342.2822570800781
1379.443603515625
1615.1884765625
1006.792724609375
2384.74560546875
1518.146728515625
767.2299194335938
1346.7249755859375
681.3720092773438
1024.6295166015625
255.33676147460938
1078.085205078125
1228.3447265625
853.6536254882812
2064.841796875
1101.6231689453125
597.8937377929688
1084.97705078125
520.89794921875
802.904541015625
198.2069549560547
801.421142578125
925.456787109375
667.1378173828125
1719.9268798828125
786.8999633789062
471.5391845703125
868.4864501953125
387.299072265625
621.5375366210938
163.2969970703125
615.1253662109375
694.8985595703125
540.194580078125
1472.278564453125
573.1075439453125
378.31964111328125
690.5344848632812
298.791015625
487.3878479003906
145.7749786376953
463.37298583984375
522.4148559570312
432.8793029785156
1229.1922607421875
432.962646484375
316.6695556640625
553.9325561523438
243.01327514648438
393.7918395996094
140.4709930419922
359.19549560546875
398.83770751953125
373.275390625
1032.8526611328125
352.30157470703125
271.4079284667969
444.04949951171875
208.9392852783203
323.4566345214844
138.4370574951172
286.056884765625
313.3031921386719
307.03741455078125
830.8369140625
308.17987060546875
246.14894104003906
361.5386657714844
191.4503173828125
273.8397216796875
142.59683227539062
234.37562561035156
257.0702819824219
262.2073059082031
681.8765258789062
289.96356201171875
223.30731201171875
299.1081237792969
174.42527770996094
235.57839965820312
138.10316467285156
203.23143005371094
213.15457153320312
217.88941955566406
549.504638671875
272.1467590332031
199.50335693359375
249.61192321777344
162.2765350341797
204.63101196289062
124.63175201416016
170.09059143066406
179.2457733154297
185.6794891357422
449.9005126953125
259.2236022949219
175.2314453125
210.2642364501953
150.48846435546875
179.87159729003906
113.12409210205078
146.6958465576172
150.4692840576172
157.50619506835938
367.9936828613281
224.28353881835938
154.6563262939453
179.48312377929688
139.52630615234375
157.8643798828125
102.42652130126953
128.0855712890625
127.97512817382812
135.6449432373047
301.4393310546875
196.9990692138672
138.02410888671875
151.8072509765625
129.75799560546875
138.0587615966797
90.26644134521484
110.0871353149414
106.6817626953125
118.94139099121094
242.57766723632812
171.84359741210938
120.58979034423828
128.60281372070312
118.44811248779297
121.09677124023438
80.20384979248047
97.86589050292969
90.04698944091797
102.40379333496094
200.0693359375
142.79397583007812
103.1910400390625
107.35381317138672
107.57356262207031
104.8460693359375
70.84967803955078
84.80772399902344
73.1136245727539
91.09506225585938
161.4212646484375
119.00241088867188
88.73695373535156
87.55545806884766
92.36470031738281
88.82014465332031
60.68500900268555
71.36549377441406
59.09369659423828
78.73193359375
123.31744384765625
97.439453125
73.2389144897461
69.1207275390625
77.51118469238281
72.1036148071289
50.90975570678711
59.84994125366211
45.283409118652344
65.81210327148438
94.91923522949219
76.64512634277344
57.152587890625
52.99752426147461
61.907081604003906
56.38763427734375
42.45244216918945
48.38372039794922
33.61140441894531
53.75347137451172
71.31531524658203
55.88010787963867
42.33905029296875
39.381168365478516
47.79582214355469
41.98760986328125
34.291778564453125
37.51915740966797
24.001440048217773
43.47769546508789
53.98016357421875
41.64809799194336
30.98194694519043
28.92241096496582
35.65666580200195
29.737606048583984
27.105741500854492
28.838518142700195
16.64108657836914
33.54749298095703
40.519805908203125
29.413494110107422
21.552886962890625
21.29081916809082
26.06877899169922
20.145610809326172
21.03839874267578
22.713533401489258
11.344975471496582
24.541778564453125
30.614444732666016
19.872894287109375
14.744518280029297
16.13494873046875
18.716306686401367
13.441049575805664
16.768903732299805
17.908687591552734
9.14941120147705
17.52456283569336
21.964000701904297
12.61462688446045
10.208390235900879
12.88612174987793
13.200383186340332
8.974699974060059
13.305126190185547
13.341480255126953
8.4122314453125
12.764932632446289
19.277170181274414
8.359212875366211
7.505300998687744
10.846505165100098
10.006959915161133
6.199247360229492
11.033035278320312
10.688139915466309
7.7829203605651855
9.367156982421875
16.660737991333008
5.884052753448486
5.611202239990234
9.496094703674316
7.916972637176514
4.358689308166504
8.973365783691406
8.66865062713623
7.571507453918457
7.162424087524414
13.884468078613281
4.071484088897705
4.487382888793945
8.551522254943848
6.650518417358398
3.3406713008880615
7.523251056671143
7.737493515014648
7.447322368621826
5.746270656585693
12.762357711791992
2.9703142642974854
3.6045103073120117
7.836233139038086
5.7685627937316895
2.617023468017578
6.529024600982666
6.141359329223633
7.184203147888184
4.459428787231445
12.045656204223633
2.351766347885132
2.852970600128174
7.061168670654297
4.817458152770996
2.1233105659484863
5.5621514320373535
5.51652717590332
6.566658020019531
3.807725667953491
10.995713233947754
1.781017780303955
2.4157607555389404
6.216795444488525
4.255787372589111
1.8915083408355713
4.842819690704346
5.212394714355469
6.5514984130859375
2.886199474334717
9.953449249267578
1.4590222835540771
1.9904130697250366
5.451084613800049
3.6716091632843018
1.4541423320770264
4.115685939788818
4.404763221740723
7.197144031524658
2.465299606323242
9.744930267333984
1.2006011009216309
1.663775086402893
4.793707370758057
3.2029683589935303
1.2834161520004272
3.5727083683013916
3.987360715866089
6.217961311340332
1.9926315546035767
8.717362403869629
1.0484507083892822
1.390906572341919
4.248142719268799
2.8157787322998047
1.0467116832733154
3.0702199935913086
3.506551504135132
5.771385669708252
1.658798336982727
8.243511199951172
0.9549655914306641
1.1959680318832397
3.771613359451294
2.861050605773926
0.8743578791618347
2.6809468269348145
3.365086793899536
5.061698913574219
1.3859037160873413
8.02191162109375
0.8852971196174622
1.005761981010437
3.3495914936065674
2.426659107208252
0.7923552393913269
2.357675790786743
2.8443498611450195
5.101511001586914
1.13051438331604
6.524168491363525
0.7757887244224548
0.8459697961807251
3.0196378231048584
2.4258179664611816
0.6883574724197388
2.051950454711914
2.470656394958496
4.731970310211182
1.0046430826187134
5.656339645385742
0.8381911516189575
0.7415180206298828
2.7835731506347656
2.140117883682251
0.518088161945343
1.7937695980072021
2.3660221099853516
6.053481101989746
0.8016341328620911
5.111767768859863
0.7313649654388428
0.6536708474159241
2.5266263484954834
2.122016429901123
0.5837027430534363
1.5855153799057007
2.0366525650024414
5.775308132171631
0.6886287927627563
4.042861461639404
0.638359010219574
0.5598087310791016
2.2253761291503906
2.0765364170074463
0.555055558681488
1.3685630559921265
1.6786662340164185
5.098020076751709
0.5917661190032959
3.31168270111084
0.7729343175888062
0.49510759115219116
2.0580339431762695
2.057404041290283
0.4322567582130432
1.2078943252563477
1.5269696712493896
5.116662502288818
0.5198527574539185
2.8316497802734375
0.49889111518859863
0.4412940740585327
1.7605646848678589
1.8382912874221802
0.5237753391265869
1.0869977474212646
1.4066869020462036
4.7708024978637695
0.4461970031261444
2.484966516494751
0.6121779680252075
0.4031813442707062
1.5953346490859985
1.682284951210022
0.40336889028549194
