37.702484130859375
67.3247299194336
32.667694091796875
52.33370590209961
65.85523986816406
93.09113311767578
25.96341323852539
46.66336441040039
53.27384567260742
52.230995178222656
18.48247528076172
48.70803451538086
28.98542594909668
56.32918930053711
48.73343276977539
167.00868225097656
52.90314865112305
37.67673110961914
64.9905776977539
82.05265045166016
18.75822639465332
52.67304611206055
32.57937240600586
58.845176696777344
48.99175262451172
120.97753143310547
50.5025634765625
32.449134826660156
70.66411590576172
93.31207275390625
18.975421905517578
55.658145904541016
38.890132904052734
62.89547348022461
42.84121322631836
120.66991424560547
45.31955337524414
25.806596755981445
68.8980712890625
91.96253204345703
17.927453994750977
50.12668991088867
47.48556900024414
58.621192932128906
37.19964599609375
116.64673614501953
49.42644500732422
27.938671112060547
66.27811431884766
92.72419738769531
17.87415313720703
49.0540657043457
48.5019645690918
55.467071533203125
39.94651794433594
103.8338851928711
47.833457946777344
26.96833038330078
67.4366683959961
86.0752182006836
17.54271125793457
53.75215148925781
48.99929428100586
52.518836975097656
32.598453521728516
100.81914520263672
49.460540771484375
23.4334774017334
70.26338195800781
80.66622161865234
17.4617919921875
55.446693420410156
47.05048370361328
50.52465057373047
35.00182342529297
101.03675079345703
47.52663040161133
23.070680618286133
68.80033874511719
80.61573791503906
16.571334838867188
51.58305740356445
45.48521423339844
51.249229431152344
33.04545974731445
101.90213012695312
48.32793045043945
22.753700256347656
67.63931274414062
75.4648666381836
15.80992317199707
51.90335464477539
43.109771728515625
46.53555679321289
30.8609561920166
93.73734283447266
46.37635803222656
20.67710304260254
64.9540023803711
73.97769927978516
14.815939903259277
51.2998046875
43.086387634277344
43.9600830078125
29.455490112304688
88.68934631347656
44.19535446166992
18.843782424926758
63.000125885009766
68.96085357666016
13.989227294921875
50.00917434692383
39.59885025024414
40.82275390625
28.197484970092773
83.58633422851562
42.16378402709961
17.232738494873047
62.567649841308594
68.0733642578125
12.97609806060791
45.932456970214844
37.49921798706055
40.18373107910156
25.844423294067383
77.52864074707031
40.259765625
15.950580596923828
59.2050895690918
63.77785110473633
12.203883171081543
44.33982467651367
36.03419494628906
38.6375732421875
24.520843505859375
72.67736053466797
38.16142272949219
14.453171730041504
56.780982971191406
61.508583068847656
11.290985107421875
41.58197021484375
31.58232307434082
37.87583541870117
22.62558937072754
66.1033935546875
36.64316177368164
13.518417358398438
54.575439453125
60.68376541137695
10.554905891418457
39.51886749267578
29.738794326782227
36.1636848449707
21.2430477142334
62.551029205322266
34.75505828857422
12.298539161682129
53.147857666015625
57.957237243652344
10.028061866760254
37.89679718017578
27.884212493896484
35.83527374267578
19.12080955505371
59.283870697021484
34.74992752075195
11.476186752319336
53.004913330078125
56.755332946777344
9.259490966796875
36.371646881103516
27.85259246826172
34.98427963256836
17.672683715820312
56.46931838989258
34.02845764160156
10.717636108398438
51.62324523925781
56.86835479736328
8.923368453979492
35.93077850341797
26.54240608215332
34.635292053222656
15.988682746887207
54.64156723022461
33.58689498901367
9.698132514953613
51.27254867553711
55.3177490234375
8.74117660522461
33.78034591674805
25.31740951538086
33.82255554199219
14.706878662109375
51.89104461669922
32.20669937133789
8.937638282775879
50.365989685058594
54.538639068603516
8.416266441345215
32.088226318359375
23.53046417236328
33.03596115112305
13.452483177185059
50.36178970336914
30.978981018066406
8.351265907287598
49.073726654052734
52.300506591796875
7.994158744812012
30.331375122070312
22.361223220825195
31.930782318115234
12.202695846557617
47.73123550415039
30.13027000427246
7.236364841461182
47.57795715332031
49.210609436035156
7.634862422943115
27.729284286499023
19.787199020385742
29.90154266357422
10.708683013916016
44.4770393371582
28.366567611694336
6.535396575927734
45.02783966064453
46.17254638671875
6.993620872497559
25.70745277404785
18.10162925720215
27.97357749938965
9.477043151855469
41.7881965637207
25.860219955444336
5.700098991394043
42.22126388549805
41.73497772216797
6.039055824279785
22.782968521118164
14.89295482635498
24.395713806152344
8.118629455566406
37.37516403198242
23.472496032714844
4.596868515014648
37.4906120300293
36.5860595703125
5.0483198165893555
19.027690887451172
11.64944076538086
20.496379852294922
6.413625240325928
31.697769165039062
19.7618465423584
3.401674747467041
32.8947639465332
29.692752838134766
3.9148833751678467
15.235881805419922
7.816722393035889
16.366174697875977
4.90948486328125
25.461069107055664
15.614848136901855
2.2428126335144043
26.881338119506836
23.03363800048828
2.6767101287841797
11.185699462890625
4.280407905578613
12.06118392944336
3.4086780548095703
19.964622497558594
11.116654396057129
1.1846303939819336
20.821903228759766
16.85565185546875
1.6015805006027222
7.291956901550293
1.8481509685516357
7.922080993652344
2.185107946395874
13.049031257629395
7.6715521812438965
0.39983463287353516
15.048059463500977
11.265957832336426
0.7971455454826355
4.269877910614014
0.36864253878593445
4.536379814147949
1.188624382019043
7.543686866760254
4.535012245178223
0.04715500399470329
10.691398620605469
6.870948314666748
0.3000635504722595
2.284043073654175
0.09396868944168091
2.266756534576416
0.5141090750694275
3.92878794670105
2.306084156036377
0.042259056121110916
7.168834209442139
3.736257553100586
0.03655809164047241
1.0296281576156616
1.050510048866272
0.9374505877494812
0.09196564555168152
1.9396445751190186
1.0100996494293213
0.20852580666542053
4.541876316070557
1.8019582033157349
0.002075043972581625
0.2928907871246338
2.6664254665374756
0.297211617231369
0.03483451530337334
0.8183661103248596
0.49920687079429626
0.522094190120697
3.2872414588928223
0.9689119458198547
0.0605943389236927
0.07254581898450851
3.117082357406616
0.08276767283678055
0.00837893970310688
0.30082017183303833
0.18298856914043427
0.6771333813667297
2.5988645553588867
0.8522884249687195
0.08944769948720932
0.008409522473812103
4.096339702606201
0.012249386869370937
0.00014656971325166523
0.1881674975156784
0.12244966626167297
0.6770723462104797
2.3458573818206787
0.40091589093208313
0.1020604819059372
0.01259541604667902
4.821707248687744
0.0006644543609581888
0.0008575112442485988
0.13962315022945404
0.06404983997344971
0.5882959365844727
2.2226920127868652
0.33687105774879456
0.14614419639110565
4.277575953892665e-06
5.103792190551758
7.673411346331704e-07
0.013439248315989971
0.08442964404821396
0.0025365122128278017
0.5697364807128906
1.955320954322815
0.321846067905426
0.13767164945602417
0.0035105273127555847
4.839083671569824
0.015837837010622025
0.026646682992577553
0.17735555768013
0.015938647091388702
0.5241885781288147
1.9051234722137451
0.5177947282791138
0.15680024027824402
0.04485197737812996
5.166497230529785
0.00023393466835841537
0.0417255163192749
0.18428955972194672
0.00595425209030509
0.5678099989891052
1.738525152206421
0.25764453411102295
0.13013961911201477
0.03454350680112839
6.12996768951416
0.008302018977701664
0.10933239758014679
0.15487927198410034
0.0021254480816423893
0.5241582989692688
1.595436692237854
0.3306238651275635
0.14126810431480408
0.05731147155165672
5.284467697143555
0.004040320869535208
0.13096658885478973
0.24216227233409882
1.1569652997422963e-05
0.4490206837654114
1.4873393774032593
0.23595520853996277
0.12722447514533997
0.07273302227258682
5.004683017730713
0.005239151883870363
0.18992643058300018
0.323010116815567
0.002700470620766282
0.3848726451396942
1.718191385269165
0.22951523959636688
0.1420816034078598
0.15578876435756683
4.350101470947266
0.0065217590890824795
0.29778429865837097
0.3585398495197296
0.00015365818399004638
0.3665875792503357
1.4772491455078125
0.2569863796234131
0.15680156648159027
0.11922000348567963
4.522908687591553
0.0002633770927786827
0.24937647581100464
0.33139747381210327
0.009896280243992805
0.41002336144447327
1.6086597442626953
0.22862187027931213
0.1538621187210083
0.09418918192386627
4.096478462219238
0.01997288689017296
0.28865161538124084
0.4746817350387573
0.0003713671176228672
0.49423837661743164
1.4202802181243896
0.09222062677145004
0.15164612233638763
0.19722211360931396
5.722742557525635
8.238730515586212e-05
0.3603608012199402
0.4187861382961273
0.0006566551746800542
0.44025859236717224
1.5466946363449097
0.22357553243637085
0.15670625865459442
0.17975254356861115
5.372372627258301
0.005662561859935522
0.30241453647613525
0.35261431336402893
0.0011808505514636636
0.4507869780063629
1.5726518630981445
0.26701316237449646
0.14437362551689148
0.13451378047466278
4.741334915161133
0.001185628934763372
0.2701963782310486
0.5056818127632141
0.001985263777896762
0.5841416716575623
1.57767915725708
0.13064125180244446
0.1484558880329132
0.16355083882808685
4.949831008911133
0.026108605787158012
0.27313369512557983
0.23272669315338135
0.009491953067481518
0.47534820437431335
1.4113911390304565
0.26452335715293884
0.15547989308834076
0.173087015748024
4.374228000640869
0.003013507928699255
0.297245055437088
0.3441658318042755
5.284546205075458e-07
0.5037721991539001
1.3126262426376343
0.16297535598278046
