4959484.5
10222878.0
25353192.0
10621647.0
25219154.0
18244910.0
10929898.0
12388659.0
8825131.0
13920576.0
3483204.0
9229483.0
22626208.0
7848865.0
11401780.0
23251480.0
5614679.5
8087139.5
6270844.0
7365920.5
2798711.75
7382741.0
15593395.0
6250323.5
10277083.0
11020988.0
4700644.0
6173813.5
5131367.0
6456391.5
2234518.75
6068083.5
10244048.0
4894139.0
7472062.5
9100768.0
3840281.0
4818556.0
4149567.75
5263913.0
1794376.125
5145405.5
7054193.0
4025054.25
5648272.0
7286659.0
3113637.5
4219781.5
3280425.5
4289109.0
1402151.375
4212947.0
5570051.0
3229672.0
5516518.5
5677780.5
2473364.75
3549398.5
2577865.25
3298003.5
1084207.875
3351086.25
4397997.5
2568704.5
4000392.75
4485405.0
1987932.0
2887554.75
2033973.875
2577366.75
821982.8125
2714291.0
3482976.75
2003872.0
3832217.0
3482175.75
1545766.25
2418450.25
1544010.625
2034079.5
612841.875
2134459.0
2707073.25
1499841.625
3247002.75
2682602.25
1227008.75
2022590.125
1162971.625
1584910.0
448689.15625
1693906.875
2087856.75
1205241.75
2732403.75
1970668.625
942974.4375
1641219.625
848312.5
1235853.125
327466.5625
1328143.375
1572101.875
962832.5
2355289.75
1429456.625
723035.8125
1327880.375
618373.5625
955669.6875
241347.375
1028076.75
1188746.5
812830.1875
2036644.625
1018037.0625
555730.125
1067744.375
458330.0625
734831.8125
185230.6875
755488.8125
887957.0
626953.4375
1694081.75
709371.6875
431281.46875
852535.625
328091.78125
557757.5625
151093.453125
570785.1875
658864.5
501557.65625
1447758.5
500429.53125
340158.9375
676080.5
242011.984375
425879.125
134483.96875
421791.3125
490832.8125
395004.40625
1206566.125
366858.8125
280026.25
540414.6875
188438.203125
333106.9375
129916.5703125
319676.46875
369102.3125
337112.84375
1011609.375
289751.5
236652.578125
431750.96875
155789.0
265507.15625
128409.0234375
248161.21875
285416.125
271204.96875
811715.125
248897.96875
211398.15625
350062.5
138446.4375
217083.9375
133337.125
198004.0625
229216.515625
227221.171875
664203.8125
233493.25
189279.21875
288389.3125
122805.625
178712.953125
129179.390625
167300.09375
186611.875
183258.15625
533515.75
217506.390625
165915.6875
239912.609375
110999.7421875
149312.15625
115891.3984375
136308.140625
153928.890625
151856.84375
435192.75
207331.46875
143027.203125
201327.078125
100123.3203125
125332.71875
104707.5859375
114610.6328125
126935.3203125
124470.140625
354540.3125
173924.59375
123672.8828125
171132.09375
90447.6328125
105561.1953125
94433.25
97755.0625
105614.7109375
103711.640625
289236.6875
149269.34375
107892.7578125
144571.15625
82178.8671875
88849.625
82632.671875
82361.4453125
86893.9765625
89040.8515625
231869.0
127367.3828125
92223.4765625
122068.859375
73422.21875
74924.6875
73210.5859375
72158.40625
71940.5625
74431.671875
190592.40625
101003.96875
77334.6171875
101653.40625
65350.75
63111.0390625
64811.2265625
62022.59765625
58223.9140625
66700.4765625
153303.5
81629.28125
65263.05078125
82958.6875
54874.9921875
52232.88671875
55636.49609375
52339.03125
47445.26953125
58235.4296875
116903.1796875
65741.0
53478.99609375
65717.9453125
44619.79296875
42409.64453125
46995.1796875
44615.203125
37469.42578125
49448.2578125
90008.7265625
51184.03515625
41538.5390625
50755.30859375
35029.31640625
33345.6171875
39778.109375
37198.26953125
29331.904296875
41688.61328125
67905.0546875
35917.8046875
31222.552734375
38196.75
26978.345703125
25130.169921875
32688.888671875
30227.955078125
22154.658203125
35551.05859375
51795.94140625
28599.3515625
23309.517578125
28522.0859375
20608.146484375
18476.65234375
26309.04296875
24566.7578125
16271.3623046875
29013.6953125
39331.59765625
21872.359375
17021.76953125
21243.5859375
15386.9423828125
13267.3955078125
20738.986328125
20428.73828125
11250.5546875
22272.74609375
30099.859375
15946.494140625
12434.6533203125
16092.97265625
11547.1474609375
9705.349609375
16732.380859375
16877.970703125
8101.95751953125
16588.2109375
21872.0
10673.220703125
9200.126953125
12677.1982421875
8658.4833984375
7170.732421875
13303.1259765625
13049.2177734375
5742.22998046875
12467.419921875
19242.970703125
7541.4853515625
7003.83203125
10324.9287109375
6713.78564453125
5232.65576171875
10972.51171875
10615.244140625
4658.08447265625
9284.5634765625
16652.341796875
5581.9365234375
5427.66064453125
8822.7216796875
5315.16943359375
3500.720703125
8882.435546875
8660.2021484375
3479.7060546875
7149.79638671875
13884.328125
3882.740966796875
4365.025390625
7876.23291015625
4305.1025390625
2937.2998046875
7421.36328125
7725.26611328125
2625.063720703125
5745.8125
12761.4072265625
2823.961181640625
3541.625
7247.90771484375
3541.94384765625
2278.022216796875
6383.8408203125
6141.35888671875
2060.6201171875
4459.4208984375
12032.2255859375
2267.52099609375
2850.54931640625
6493.2138671875
2860.924072265625
1800.90185546875
5425.021484375
5512.52294921875
1738.113037109375
3791.798828125
10969.125
1605.2071533203125
2399.5703125
5694.04296875
2353.0869140625
1372.34326171875
4686.5224609375
5170.64453125
1376.637939453125
2886.108642578125
9910.2451171875
1267.02978515625
1984.589599609375
4886.7861328125
1928.3077392578125
1198.5604248046875
3983.331298828125
4371.7939453125
1063.3919677734375
2457.563720703125
9635.9755859375
1037.8525390625
1662.0001220703125
4273.5361328125
1583.85693359375
949.1420288085938
3431.467041015625
3927.322998046875
914.5426635742188
1989.3824462890625
8586.6298828125
801.4996948242188
1390.8612060546875
3803.096923828125
1308.6357421875
803.4790649414062
2942.055908203125
3436.6044921875
776.6297607421875
1654.63720703125
8049.10400390625
638.614013671875
1193.18017578125
3381.5693359375
1143.058837890625
668.4978637695312
2542.526611328125
3223.142822265625
706.9747314453125
1380.501220703125
7728.4150390625
526.66357421875
1005.7166137695312
2978.678955078125
935.6149291992188
558.2347412109375
2203.718505859375
2734.919677734375
582.4854125976562
1130.4307861328125
6273.8037109375
444.9352722167969
838.61181640625
2615.8740234375
816.4396362304688
473.0147399902344
1900.2938232421875
2365.6103515625
520.2645263671875
989.8343505859375
5372.1396484375
370.5119934082031
741.359619140625
2306.7880859375
683.704833984375
422.1854553222656
1642.4942626953125
2177.82421875
385.94989013671875
801.347900390625
4754.06494140625
328.9447021484375
653.3009033203125
2091.4453125
597.7597045898438
358.6740417480469
1427.515380859375
1853.5341796875
344.00799560546875
680.1253051757812
3739.9384765625
294.7301940917969
558.268798828125
1778.734130859375
526.8363037109375
315.6899108886719
1227.9559326171875
1542.5758056640625
326.24151611328125
590.9443969726562
3035.68603515625
258.03240966796875
493.0426940917969
1495.28173828125
471.2959899902344
282.48736572265625
1064.2899169921875
1370.93798828125
292.4226379394531
502.1432800292969
2550.994140625
241.62570190429688
431.7156982421875
1295.5771484375
406.4745788574219
255.74574279785156
930.7740478515625
1229.86474609375
275.5444641113281
444.4886779785156
2185.23779296875
216.46873474121094
403.03509521484375
1105.3470458984375
357.5628967285156
232.33668518066406
