37.702484130859375
67.3247299194336
32.667694091796875
52.33370590209961
65.85523986816406
93.09113311767578
25.96340560913086
46.66337203979492
53.27386474609375
52.23100662231445
18.482481002807617
48.70802688598633
28.98543357849121
56.32918930053711
48.73343276977539
167.00865173339844
52.90312576293945
37.67673110961914
64.9905776977539
82.05271911621094
18.758230209350586
52.67302703857422
32.57938766479492
58.84514617919922
48.99176788330078
120.9775161743164
50.502601623535156
32.449127197265625
70.6641616821289
93.31211853027344
18.975406646728516
55.658084869384766
38.89018249511719
62.89546203613281
42.84120559692383
120.66989135742188
45.31965255737305
25.80660629272461
68.89803314208984
91.96261596679688
17.927459716796875
50.12677764892578
47.485504150390625
58.6212043762207
37.19963836669922
116.64666748046875
49.42633056640625
27.938671112060547
66.27814483642578
92.72429656982422
17.87409019470215
49.054046630859375
48.5019645690918
55.4671745300293
39.94655227661133
103.83393096923828
47.833404541015625
26.968353271484375
67.43669891357422
86.0751953125
17.542875289916992
53.75212097167969
48.999263763427734
52.51897430419922
32.598514556884766
100.81910705566406
49.46040725708008
23.433504104614258
70.26368713378906
80.66641235351562
17.46161460876465
55.44706344604492
47.050411224365234
50.524574279785156
35.001895904541016
101.03668212890625
47.526573181152344
23.07067108154297
68.80045318603516
80.61560821533203
16.57147216796875
51.58320999145508
45.485294342041016
51.24924850463867
33.045650482177734
101.90206146240234
48.327369689941406
22.753812789916992
67.63964080810547
75.46456146240234
15.8096923828125
51.90369415283203
43.10931396484375
46.53573989868164
30.8612003326416
93.73768615722656
46.375919342041016
20.67693519592285
64.95427703857422
73.97718811035156
14.815688133239746
51.30018997192383
43.08656692504883
43.960208892822266
29.455873489379883
88.69003295898438
44.1940803527832
18.84445571899414
62.9984130859375
68.95982360839844
13.989380836486816
50.00843048095703
39.598087310791016
40.823402404785156
28.1971435546875
83.58609008789062
42.16357421875
17.232637405395508
62.567840576171875
68.07269287109375
12.976253509521484
45.93233871459961
37.49977111816406
40.184349060058594
25.84514617919922
77.52823638916016
40.2577018737793
15.950801849365234
59.207279205322266
63.77996063232422
12.203540802001953
44.34012985229492
36.03404235839844
38.63688659667969
24.51996421813965
72.677978515625
38.160682678222656
14.454002380371094
56.779022216796875
61.508689880371094
11.291007041931152
41.581668853759766
31.582015991210938
37.874874114990234
22.62612533569336
66.10380554199219
36.64327621459961
13.517834663391113
54.5750617980957
60.68486785888672
10.554410934448242
39.519020080566406
29.735374450683594
36.162540435791016
21.243282318115234
62.5500602722168
34.75532913208008
12.298524856567383
53.15028762817383
57.9494743347168
10.028027534484863
37.895668029785156
27.887046813964844
35.83242416381836
19.121776580810547
59.28187942504883
34.75077819824219
11.476142883300781
53.00387191772461
56.75577163696289
9.259699821472168
36.37154769897461
27.85376739501953
34.986122131347656
17.67265510559082
56.47030258178711
34.0280876159668
10.718803405761719
51.6196403503418
56.86542510986328
8.923763275146484
35.93133544921875
26.542692184448242
34.63125991821289
15.988906860351562
54.6403694152832
33.58765411376953
9.699297904968262
51.27678680419922
55.318851470947266
8.74034595489502
33.782440185546875
25.316879272460938
33.8226318359375
14.707745552062988
51.89213180541992
32.20424270629883
8.93714427947998
50.36513900756836
54.53886795043945
8.41650104522705
32.085201263427734
23.533954620361328
33.03604507446289
13.453344345092773
50.35893630981445
30.98343849182129
8.351032257080078
49.07865905761719
52.30318069458008
7.993259906768799
30.330509185791016
22.360416412353516
31.933300018310547
12.202651023864746
47.72971725463867
30.13135528564453
7.236081123352051
47.57912826538086
49.20913314819336
7.633762836456299
27.725683212280273
19.787784576416016
29.900531768798828
10.708650588989258
44.47620391845703
28.366310119628906
6.533944606781006
45.02588653564453
46.17207717895508
6.9932661056518555
25.707483291625977
18.10642433166504
27.972118377685547
9.476914405822754
41.790000915527344
25.856426239013672
5.700401306152344
42.22280502319336
41.73503112792969
6.038451194763184
22.785125732421875
14.88970947265625
24.39458656311035
8.11774730682373
37.37312698364258
23.473901748657227
4.59676456451416
37.48970413208008
36.58725357055664
5.0485124588012695
19.02645492553711
11.648427963256836
20.496498107910156
6.414264678955078
31.698448181152344
19.75991439819336
3.402780532836914
32.89139175415039
29.6939697265625
3.9145750999450684
15.234736442565918
7.813979625701904
16.36383819580078
4.910504341125488
25.461090087890625
15.614046096801758
2.242215871810913
26.87775993347168
23.042016983032227
2.674330949783325
11.18544864654541
4.279498100280762
12.06485652923584
3.41025447845459
19.962303161621094
11.116494178771973
1.1844161748886108
20.817472457885742
16.857439041137695
1.6028882265090942
7.291199684143066
1.846781611442566
7.926636695861816
2.184220790863037
13.048744201660156
7.672428131103516
0.4003230333328247
15.048519134521484
11.260951042175293
0.7966970801353455
4.271759033203125
0.3697250783443451
4.53379487991333
1.1882046461105347
7.541134834289551
4.531116962432861
0.04723235219717026
10.681835174560547
6.878215312957764
0.29941192269325256
2.2847931385040283
0.09442029148340225
2.269031286239624
0.5145840048789978
3.926398515701294
2.3098642826080322
0.04197424277663231
7.169159412384033
3.7356996536254883
0.03652200102806091
1.0307164192199707
1.0474531650543213
0.9363527297973633
0.09199856966733932
1.9414050579071045
1.0082623958587646
0.20892293751239777
4.541899681091309
1.8039666414260864
0.002000194974243641
0.2922619581222534
2.6700010299682617
0.29751166701316833
0.03419807553291321
0.8177269101142883
0.5014687776565552
0.5215758681297302
3.2931740283966064
0.9665914177894592
0.0605226494371891
0.0728946104645729
3.12483549118042
0.0825931578874588
0.008395552635192871
0.3021160960197449
0.18354110419750214
0.6733719110488892
2.6018028259277344
0.8579680919647217
0.09093011170625687
0.008447659201920033
4.091801166534424
0.012627070769667625
0.0001391708938172087
0.18874303996562958
0.12235718220472336
0.6752889752388
2.3454153537750244
0.4033713638782501
0.10188734531402588
0.012227156199514866
4.822258472442627
0.00045774984755553305
0.0009499015286564827
0.146353080868721
0.0628851056098938
0.5883249044418335
2.226618766784668
0.33900126814842224
0.14518342912197113
6.768459570594132e-09
5.12358283996582
7.835660653654486e-06
0.013429400511085987
0.08424516022205353
0.0024211581330746412
0.5679543614387512
1.9565337896347046
0.32240867614746094
0.13712972402572632
0.004003882873803377
4.828545093536377
0.015926560387015343
0.026587162166833878
0.17581060528755188
0.016190271824598312
0.5227521657943726
1.902700424194336
0.5191649794578552
0.15629702806472778
0.041749898344278336
5.17486047744751
9.051094093592837e-05
0.04320332407951355
0.19199244678020477
0.005823432933539152
0.5642980933189392
1.7433013916015625
0.25558191537857056
0.1323544681072235
0.03296912461519241
6.13375186920166
0.007735680788755417
0.10895433276891708
0.16274839639663696
0.0017749359831213951
0.5201712846755981
1.6191112995147705
0.3342740833759308
0.14124098420143127
0.06003754213452339
5.3034186363220215
0.00324900820851326
0.1307326704263687
0.24695104360580444
4.528394129010849e-05
0.4450457692146301
1.5071427822113037
0.24323266744613647
0.12816403806209564
0.0699467658996582
4.994755744934082
0.004161057062447071
0.19440697133541107
0.3163515627384186
0.002787792356684804
0.3900440037250519
1.7179917097091675
0.2058599442243576
0.13842004537582397
0.14194387197494507
4.354724407196045
0.005402456969022751
0.29349619150161743
0.35863351821899414
4.5302094804355875e-05
0.37091225385665894
1.4910441637039185
0.23412048816680908
0.15395709872245789
0.10943008214235306
4.519025802612305
8.357904152944684e-05
0.25036415457725525
0.3308534324169159
0.0073579708114266396
0.4037637710571289
1.6093782186508179
0.2153426706790924
0.1516566127538681
0.10504594445228577
4.211705684661865
0.014808724634349346
0.2841995358467102
0.4676791727542877
0.0001583580014994368
0.47678500413894653
1.4564130306243896
0.09590266644954681
0.15127527713775635
0.18819792568683624
5.6675310134887695
0.0002862215042114258
0.3577028810977936
0.4024202823638916
0.00036991306114941835
0.4351809620857239
1.5242568254470825
0.22502867877483368
0.15799987316131592
0.18311840295791626
5.431300163269043
0.00850340910255909
0.3029228150844574
0.34362879395484924
0.0015398620162159204
0.4466420114040375
1.549700140953064
0.2393656224012375
0.1406071037054062
0.13609036803245544
4.771778583526611
0.000821735302451998
0.27599653601646423
0.514901876449585
0.002064888598397374
0.5627521276473999
1.5861080884933472
0.1497693508863449
0.14360442757606506
0.15603160858154297
4.824239730834961
0.017709439620375633
0.2806555926799774
0.2572654187679291
0.009578346274793148
0.46498751640319824
1.4318166971206665
0.2680295407772064
0.15622371435165405
0.17682205140590668
4.49525785446167
0.0017082978738471866
0.2997286021709442
0.39570918679237366
0.0001462270156480372
0.48998746275901794
1.3247220516204834
0.17103219032287598
