4997.02099609375
10290.0234375
25385.67578125
10673.810546875
25284.833984375
18337.82421875
10955.689453125
12435.150390625
8878.2265625
13972.62890625
3501.518798828125
9278.01171875
22654.99609375
7905.02490234375
11450.3466796875
23418.322265625
5667.40625
8124.64794921875
6335.65673828125
7447.7958984375
2817.3017578125
7435.234375
15625.7724609375
6309.0
10325.9111328125
11141.787109375
4750.96923828125
6206.09521484375
5201.8525390625
6549.5263671875
2253.326171875
6123.56298828125
10282.7470703125
4956.861328125
7514.73193359375
9221.2578125
3885.42236328125
4844.19482421875
4218.28515625
5355.70263671875
1812.1351318359375
5195.34814453125
7101.49951171875
4083.501220703125
5685.30078125
7403.12353515625
3162.88427734375
4247.55078125
3346.523193359375
4381.6591796875
1419.8575439453125
4261.822265625
5618.37255859375
3284.96337890625
5556.30078125
5781.43701171875
2521.02001953125
3576.19873046875
2645.123046875
3383.90087890625
1101.5821533203125
3404.658203125
4446.81396484375
2621.046630859375
4032.8271484375
4586.044921875
2037.21435546875
2910.8193359375
2104.062744140625
2657.860107421875
839.2754516601562
2769.5634765625
3529.846435546875
2054.225830078125
3867.0576171875
3583.034423828125
1593.1160888671875
2441.35205078125
1612.6343994140625
2114.52001953125
629.2455444335938
2185.865478515625
2752.378173828125
1550.91845703125
3279.8955078125
2784.32666015625
1275.1541748046875
2045.17724609375
1230.4378662109375
1660.199951171875
464.3294982910156
1745.6353759765625
2130.7890625
1251.6014404296875
2763.113037109375
2064.232421875
989.1710205078125
1661.7242431640625
913.0933837890625
1309.65478515625
342.1133728027344
1379.2706298828125
1615.009521484375
1006.6189575195312
2384.603271484375
1517.9752197265625
767.0433349609375
1346.56787109375
681.1840209960938
1024.4559326171875
255.16961669921875
1077.89892578125
1228.166259765625
853.4644775390625
2064.65283203125
1101.4478759765625
597.7180786132812
1084.807861328125
520.72509765625
802.7304077148438
198.0389862060547
801.2437133789062
925.2771606445312
666.952392578125
1719.7998046875
786.7242431640625
471.34930419921875
868.3223266601562
387.1391296386719
621.3675537109375
163.1314697265625
614.9521484375
694.7177734375
540.0369873046875
1472.06884765625
572.9344482421875
378.1414489746094
690.3782958984375
298.6057434082031
487.2164611816406
145.60890197753906
463.19482421875
522.2359008789062
432.72491455078125
1229.0533447265625
432.7892761230469
316.4960021972656
553.7565307617188
242.83738708496094
393.6218566894531
140.31146240234375
359.0228576660156
398.65264892578125
373.12542724609375
1032.701904296875
352.130615234375
271.23828125
443.8817443847656
208.7764892578125
323.28350830078125
138.27188110351562
285.8739013671875
313.1296691894531
306.9129333496094
830.7096557617188
308.01617431640625
245.97943115234375
361.3713684082031
191.27545166015625
273.6690368652344
142.42515563964844
234.20101928710938
256.89666748046875
262.0039367675781
681.7108764648438
289.7791442871094
223.1363983154297
298.951171875
174.24037170410156
235.4049835205078
137.92369079589844
203.061279296875
212.97860717773438
217.76397705078125
549.3475341796875
271.9826965332031
199.33619689941406
249.452392578125
162.119873046875
204.46173095703125
124.47547912597656
169.9292755126953
179.0688934326172
185.50747680664062
449.766357421875
259.0373229980469
175.0505828857422
210.09385681152344
150.3135528564453
179.70172119140625
112.94729614257812
146.50698852539062
150.298828125
157.33602905273438
367.8535461425781
224.12730407714844
154.50506591796875
179.31466674804688
139.37106323242188
157.6962890625
102.27001953125
127.90943145751953
127.79814910888672
135.45765686035156
301.2793884277344
196.82977294921875
137.8587188720703
151.63717651367188
129.592529296875
137.88690185546875
90.10879516601562
109.89910125732422
106.5068359375
118.77348327636719
242.41366577148438
171.66976928710938
120.4170150756836
128.4291534423828
118.272705078125
120.92491912841797
80.03182983398438
97.69293212890625
89.88145446777344
102.23731231689453
199.8981475830078
142.60975646972656
103.00907135009766
107.18490600585938
107.40948486328125
104.67473602294922
70.68315887451172
84.64234161376953
72.93181610107422
90.92648315429688
161.23617553710938
118.83184814453125
88.57090759277344
87.38481903076172
92.18911743164062
88.64862060546875
60.514892578125
71.18905639648438
58.915626525878906
78.56001281738281
123.15850830078125
97.26367950439453
73.06521606445312
68.95227813720703
77.33229064941406
71.93159484863281
50.743221282958984
59.67219543457031
45.10188293457031
65.644775390625
94.76368713378906
76.47090148925781
56.98093032836914
52.825172424316406
61.72883987426758
56.21681213378906
42.29982376098633
48.20985794067383
33.43368911743164
53.57107925415039
71.16435241699219
55.708290100097656
42.167945861816406
39.21062088012695
47.61776351928711
41.816253662109375
34.115753173828125
37.343326568603516
23.821304321289062
43.2929801940918
53.800140380859375
41.476463317871094
30.812725067138672
28.753103256225586
35.48647689819336
29.567001342773438
26.93878936767578
28.673160552978516
16.471168518066406
33.387237548828125
40.346073150634766
29.24698257446289
21.377548217773438
21.12116813659668
25.887306213378906
19.97595977783203
20.876140594482422
22.543392181396484
11.170052528381348
24.365873336791992
30.450057983398438
19.706148147583008
14.580156326293945
15.966482162475586
18.547119140625
13.273418426513672
16.60369300842285
17.742544174194336
8.977669715881348
17.363754272460938
21.79728126525879
12.4440336227417
10.039052963256836
12.717721939086914
13.031982421875
8.808387756347656
13.134137153625488
13.166144371032715
8.245345115661621
12.599191665649414
19.08379364013672
8.1952486038208
7.342775821685791
10.679933547973633
9.846918106079102
6.037331581115723
10.867742538452148
10.526784896850586
7.618578910827637
9.207088470458984
16.49263572692871
5.718050956726074
5.448655605316162
9.331113815307617
7.75605583190918
4.198969841003418
8.818931579589844
8.505448341369629
7.406818389892578
6.996832847595215
13.722765922546387
3.910841226577759
4.32628059387207
8.387533187866211
6.486679553985596
3.183018445968628
7.359158039093018
7.5670013427734375
7.289684295654297
5.577385425567627
12.609363555908203
2.8031368255615234
3.442718505859375
7.672695159912109
5.611592769622803
2.462634563446045
6.366082191467285
5.971688270568848
7.041628360748291
4.3125104904174805
11.884832382202148
2.1978976726531982
2.696790933609009
6.901514053344727
4.658806800842285
1.972170352935791
5.401931285858154
5.370588779449463
6.409668922424316
3.6543242931365967
10.830992698669434
1.6292753219604492
2.2627148628234863
6.058791160583496
4.095946788787842
1.7430574893951416
4.6847076416015625
5.0300822257995605
6.407021999359131
2.743222236633301
9.824197769165039
1.3109780550003052
1.8392466306686401
5.294741153717041
3.5228021144866943
1.3078333139419556
3.9677116870880127
4.237744331359863
7.061209201812744
2.3158376216888428
9.581008911132812
1.05692720413208
1.5140061378479004
4.6403679847717285
3.08072566986084
1.145534873008728
3.41813588142395
3.849764585494995
6.084412574768066
1.8435267210006714
8.549860954284668
0.9091434478759766
1.249101161956787
4.096601963043213
2.6898751258850098
0.9138570427894592
2.921743869781494
3.342529296875
5.625828742980957
1.5139877796173096
8.131625175476074
0.8098036646842957
1.0529961585998535
3.62099289894104
2.712833881378174
0.7283738851547241
2.528661012649536
3.1789352893829346
4.936970233917236
1.2448594570159912
7.834420680999756
0.7473499774932861
0.8659451007843018
3.20096492767334
2.297232151031494
0.6468048095703125
2.20888090133667
2.6710269451141357
4.971493721008301
0.9939784407615662
6.376241683959961
0.6431859731674194
0.7105993628501892
2.8727855682373047
2.2906203269958496
0.5516383647918701
1.9034342765808105
2.3680973052978516
4.686734676361084
0.8664262294769287
5.473485946655273
0.7104116678237915
0.6096789836883545
2.6341147422790527
2.0447869300842285
0.3982769548892975
1.647674798965454
2.219087600708008
5.871873378753662
0.6705808043479919
4.948899269104004
0.5961582660675049
0.5206910371780396
2.3771252632141113
1.9707497358322144
0.4656336307525635
1.444139003753662
1.922683596611023
5.667922019958496
0.5635315775871277
3.8812077045440674
0.5106784105300903
0.4312576353549957
2.0831663608551025
1.9257532358169556
0.41985493898391724
1.2235372066497803
1.5541847944259644
4.989957332611084
0.47113606333732605
3.1804285049438477
0.667698085308075
0.36992815136909485
1.9056942462921143
1.935364007949829
0.33389633893966675
1.0621980428695679
1.3881375789642334
4.906125545501709
0.3979147970676422
2.701754570007324
0.40693002939224243
0.31939002871513367
1.617742657661438
1.7322779893875122
0.41866883635520935
0.9527592062950134
1.2945467233657837
4.741490364074707
0.3313600420951843
2.3343780040740967
0.5453870296478271
0.28189000487327576
1.4469642639160156
1.5803142786026
0.3030514717102051
