4959318.0
10222698.0
25353006.0
10621476.0
25218978.0
18244732.0
10929725.0
12388487.0
8824953.0
13920397.0
3483036.25
9229303.0
22626008.0
7848695.5
11401613.0
23251314.0
5614502.5
8086971.0
6270665.5
7365743.0
2798543.25
7382561.0
15593193.0
6250154.5
10276918.0
11020809.0
4700466.5
6173645.5
5131188.0
6456214.0
2234350.75
6067904.5
10243856.0
4893965.5
7471890.5
9100587.0
3840102.25
4818388.0
4149387.25
5263739.5
1794207.5
5145221.0
7054014.0
4024880.0
5648101.0
7286476.5
3113457.75
4219612.0
3280245.0
4288934.5
1401983.5
4212768.0
5569870.5
3229496.0
5516353.5
5677603.0
2473186.75
3549230.0
2577686.25
3297825.5
1084039.125
3350906.0
4397814.5
2568527.5
4000228.25
4485226.0
1987753.875
2887385.5
2033798.625
2577193.25
821814.0
2714116.0
3482796.0
2003701.375
3832055.5
3481997.75
1545589.5
2418281.25
1543833.75
2033904.25
612673.9375
2134282.0
2706892.75
1499669.125
3246849.5
2682424.5
1226827.25
2022423.25
1162797.875
1584735.625
448520.03125
1693731.375
2087680.125
1205065.5
2732251.5
1970494.25
942795.4375
1641047.375
848138.75
1235678.0
327297.96875
1327970.0
1571922.625
962658.5625
2355146.75
1429284.5
722850.5625
1327722.75
618187.25
955496.9375
241179.96875
1027891.0625
1188568.5
812640.375
2036456.0
1017861.9375
555554.75
1067575.25
458157.03125
734658.3125
185062.515625
755311.375
887776.9375
626767.4375
1693953.75
709196.3125
431093.875
852371.25
327929.46875
557585.625
150928.328125
570611.75
658683.875
501400.78125
1447549.75
500255.9375
339981.71875
675923.375
241829.0
425707.65625
134318.046875
421613.375
490654.125
394850.96875
1206426.625
366685.03125
279852.9375
540239.3125
188263.046875
332935.6875
129757.75
319503.59375
368920.46875
336964.125
1011458.1875
289581.375
236482.28125
431583.15625
155623.421875
265342.0
128244.046875
247979.265625
285239.84375
271083.75
811586.8125
248736.171875
211228.203125
349895.125
138272.578125
216912.78125
133165.203125
197829.515625
229041.671875
227015.28125
664038.25
233307.640625
189108.234375
288230.90625
122625.46875
178542.5
128999.1875
167129.328125
186435.640625
183137.40625
533358.375
217343.703125
165747.640625
239751.4375
110837.8671875
149141.765625
115736.0859375
136144.625
153752.359375
151684.828125
435057.5
207143.984375
142849.0625
201157.09375
99949.8984375
125162.4296875
104530.09375
114425.078125
126761.28125
124300.2578125
354399.21875
173771.46875
123515.578125
170963.59375
90285.796875
105390.7578125
94278.0390625
97579.6875
105438.46875
103521.390625
289076.5625
149101.59375
107725.7265625
144401.484375
82011.1640625
88678.90625
82476.4921875
82177.3046875
86718.53125
88874.0859375
231705.03125
127194.5234375
92051.390625
121896.8671875
73248.84375
74753.7734375
73038.21875
71985.5546875
71770.4921875
74267.0859375
190421.671875
100818.15625
77156.953125
101483.96875
65183.4765625
62939.76171875
64645.35546875
61855.4375
58045.23828125
66533.6484375
153119.53125
81460.5859375
65094.94140625
82788.1953125
54701.75390625
52061.375
55466.40625
52163.86328125
47268.3828125
58064.1171875
116743.671875
65565.171875
53306.96875
65548.46875
44445.6484375
42237.41796875
46829.38671875
44439.07421875
37290.6953125
49283.28125
89852.28125
51010.609375
41367.67578125
50583.859375
34856.15625
33168.515625
39628.93359375
37024.9375
29155.2265625
41503.3671875
67752.8125
35748.2890625
31052.060546875
38026.3203125
26805.73046875
24958.251953125
32511.623046875
30053.095703125
21976.310546875
35362.38671875
51616.9296875
28429.658203125
23139.8984375
28352.34375
20438.232421875
18310.72265625
26142.48828125
24400.115234375
16100.62890625
28856.490234375
39158.359375
21709.23046875
16850.982421875
21073.9140625
15215.4814453125
13092.6748046875
20577.583984375
20258.53125
11075.123046875
22095.447265625
29935.32421875
15782.0810546875
12267.0439453125
15924.7197265625
11378.8544921875
9538.5654296875
16567.3046875
16711.236328125
7932.0556640625
16429.1328125
21705.2890625
10502.490234375
9032.9267578125
12508.1572265625
8491.5625
7003.06201171875
13132.205078125
12874.59375
5570.35205078125
12301.6982421875
19050.25
7378.6865234375
6839.62548828125
10158.4384765625
6549.84375
5072.693359375
10807.1865234375
10453.4296875
4486.3408203125
9124.8662109375
16484.279296875
5415.27734375
5264.77294921875
8660.6015625
5152.5556640625
3337.7041015625
8726.337890625
8496.916015625
3315.46142578125
6983.931640625
13722.630859375
3722.375
4204.025390625
7712.77783203125
4143.5068359375
2778.43310546875
7257.44091796875
7555.0263671875
2462.6708984375
5577.05517578125
12608.3544921875
2651.4892578125
3381.138916015625
7083.560546875
3383.955322265625
2122.184326171875
6221.2509765625
5971.6845703125
1898.8619384765625
4312.470703125
11871.376953125
2114.242431640625
2694.431884765625
6335.02734375
2704.277587890625
1648.8856201171875
5264.81591796875
5366.09814453125
1583.624755859375
3638.5078125
10804.529296875
1454.947021484375
2246.358154296875
5537.0419921875
2198.34423828125
1223.7388916015625
4528.2578125
4990.67529296875
1224.5621337890625
2743.20458984375
9779.6396484375
1112.7117919921875
1833.5006103515625
4732.7099609375
1777.988525390625
1055.2724609375
3831.98388671875
4206.01318359375
916.0084228515625
2308.468017578125
9472.61328125
888.9549560546875
1512.5938720703125
4123.017578125
1440.8619384765625
807.2650756835938
3276.76123046875
3787.317138671875
770.7205810546875
1840.953125
8420.0595703125
659.0140991210938
1248.8345947265625
3656.271484375
1166.8399658203125
664.7929077148438
2791.733642578125
3274.753173828125
637.9495239257812
1510.5399169921875
7932.73486328125
503.8935546875
1050.4129638671875
3227.4990234375
1000.3531494140625
538.6498413085938
2390.826904296875
3046.032958984375
570.3327026367188
1240.25537109375
7544.9111328125
393.53570556640625
865.925537109375
2825.1025390625
798.4209594726562
430.5022277832031
2054.99462890625
2568.3896484375
451.0395202636719
993.97021484375
6124.9140625
315.1966247558594
705.1920166015625
2469.066650390625
680.6466674804688
347.7069396972656
1752.8050537109375
2253.002197265625
385.8691101074219
854.8401489257812
5194.16357421875
243.91600036621094
609.6411743164062
2167.551025390625
555.240966796875
298.8367614746094
1497.0
2037.48828125
264.88623046875
669.9069213867188
4593.26220703125
206.4607696533203
520.5321044921875
1952.01416015625
466.1341247558594
237.69866943359375
1285.0731201171875
1734.2310791015625
224.90069580078125
551.5789184570312
3580.886962890625
176.40896606445312
429.20220947265625
1639.150634765625
397.3591003417969
199.60411071777344
1085.7879638671875
1417.0235595703125
211.01673889160156
470.5413513183594
2899.8076171875
143.07293701171875
367.57403564453125
1360.4935302734375
347.3291931152344
169.85971069335938
923.47021484375
1238.6519775390625
184.04806518554688
386.3399353027344
2416.07080078125
130.1772918701172
309.84185791015625
1162.1295166015625
286.7334899902344
146.3081817626953
795.0098266601562
1112.7515869140625
165.76316833496094
330.0977783203125
2035.1231689453125
108.66104125976562
281.229736328125
973.2196655273438
240.84959411621094
125.95651245117188
