4997.35400390625
10290.380859375
25386.04296875
10674.1552734375
25285.177734375
18338.177734375
10956.0380859375
12435.4892578125
8878.5869140625
13972.9931640625
3501.853759765625
9278.365234375
22655.384765625
7905.36669921875
11450.681640625
23418.697265625
5667.76123046875
8124.984375
6336.01513671875
7448.1494140625
2817.637939453125
7435.591796875
15626.166015625
6309.3408203125
10326.236328125
11142.1474609375
4751.32373046875
6206.43408203125
5202.208984375
6549.87744140625
2253.661376953125
6123.9208984375
10283.1357421875
4957.20703125
7515.07275390625
9221.6171875
3885.777587890625
4844.5322265625
4218.64501953125
5356.048828125
1812.4715576171875
5195.71533203125
7101.8564453125
4083.84716796875
5685.64111328125
7403.4873046875
3163.241455078125
4247.8896484375
3346.88037109375
4382.00439453125
1420.1932373046875
4262.17724609375
5618.73583984375
3285.314453125
5556.626953125
5781.791015625
2521.373046875
3576.5341796875
2645.4775390625
3384.2529296875
1101.9190673828125
3405.015380859375
4447.17724609375
2621.3984375
4033.151611328125
4586.40087890625
2037.5697021484375
2911.15625
2104.408935546875
2658.204345703125
839.612548828125
2769.910888671875
3530.204833984375
2054.56591796875
3867.376953125
3583.38818359375
1593.4674072265625
2441.689453125
1612.984619140625
2114.869140625
629.5801391601562
2186.21728515625
2752.73779296875
1551.26171875
3280.19677734375
2784.6787109375
1275.51806640625
2045.508544921875
1230.7825927734375
1660.54736328125
464.666748046875
1745.9822998046875
2131.137939453125
1251.9512939453125
2763.41259765625
2064.5771484375
989.5282592773438
1662.067626953125
913.4383544921875
1310.004150390625
342.4501647949219
1379.6134033203125
1615.36474609375
1006.9650268554688
2384.88525390625
1518.315673828125
767.4142456054688
1346.8800048828125
681.5589599609375
1024.80126953125
255.50318908691406
1078.26953125
1228.5198974609375
853.84033203125
2065.02880859375
1101.79638671875
598.06689453125
1085.14599609375
521.0689086914062
803.0760498046875
198.3739776611328
801.5972290039062
925.63330078125
667.3197631835938
1720.0538330078125
787.0731201171875
471.7248840332031
868.6494750976562
387.4578857421875
621.7047729492188
163.4617919921875
615.2955322265625
695.0747680664062
540.3492431640625
1472.4874267578125
573.2777709960938
378.49481201171875
690.6905517578125
298.9726257324219
487.5567321777344
145.94154357910156
463.549560546875
522.5913696289062
433.03076171875
1229.3345947265625
433.1346130371094
316.8388977050781
554.1064453125
243.1857147216797
393.95904541015625
140.6318817138672
359.36651611328125
399.0202331542969
373.4241638183594
1033.0054931640625
352.4703063964844
271.5766296386719
444.2161560058594
209.10118103027344
323.626953125
138.60304260253906
286.238037109375
313.47454833984375
307.1655578613281
830.9646606445312
308.34124755859375
246.31472778320312
361.7051086425781
191.6239013671875
274.00775146484375
142.76695251464844
234.5481414794922
257.2414855957031
262.39971923828125
682.0390625
290.1444396972656
223.4776611328125
299.26513671875
174.60540771484375
235.74929809570312
138.27618408203125
203.39892578125
213.32765197753906
218.01959228515625
549.6602172851562
272.3107604980469
199.6687774658203
249.77212524414062
162.43402099609375
204.7975616455078
124.78857421875
170.2496795654297
179.42015075683594
185.8502655029297
450.0393981933594
259.4073791503906
175.40896606445312
210.43325805664062
150.6600341796875
180.0387725830078
113.29450225830078
146.88067626953125
150.63717651367188
157.6766815185547
368.1346740722656
224.43893432617188
154.810302734375
179.65042114257812
139.6834259033203
158.02911376953125
102.58549499511719
128.25938415527344
128.1490936279297
135.8281707763672
301.60211181640625
197.1649627685547
138.1885528564453
151.9744110107422
129.923828125
138.227783203125
90.42546081542969
110.27083587646484
106.85282897949219
119.10751342773438
242.73971557617188
172.01417541503906
120.75841522216797
128.77281188964844
118.6210708618164
121.2645492553711
80.36894226074219
98.03496551513672
90.20791625976562
102.56880187988281
200.23272705078125
142.97427368164062
103.3684310913086
107.51962280273438
107.73858642578125
105.01304626464844
71.01407623291016
84.96809387207031
73.29093933105469
91.26197814941406
161.59957885742188
119.16728210449219
88.90096282958984
87.72173309326172
92.5336685180664
88.98580932617188
60.85334777832031
71.53793334960938
59.2662239074707
78.90101623535156
123.47198486328125
97.6097412109375
73.40858459472656
69.28394317626953
77.68315124511719
72.2685546875
51.0747184753418
60.02129364013672
45.45848083496094
65.97320556640625
95.06925201416016
76.81317901611328
57.318634033203125
53.16379165649414
62.07752227783203
56.54965591430664
42.60596466064453
48.55143356323242
33.78148651123047
53.93036651611328
71.4581298828125
56.04255294799805
42.50259780883789
39.54571533203125
47.965476989746094
42.148597717285156
34.462860107421875
37.6879997253418
24.170177459716797
43.65445327758789
54.15369415283203
41.81123352050781
31.142127990722656
29.084266662597656
35.81757354736328
29.896007537841797
27.266130447387695
28.993928909301758
16.79766273498535
33.697689056396484
40.68694305419922
29.56775665283203
21.717350006103516
21.45196533203125
26.239757537841797
20.301237106323242
21.194740295410156
22.871835708618164
11.505415916442871
24.707427978515625
30.767244338989258
20.023101806640625
14.896474838256836
16.29393768310547
18.872323989868164
13.592363357543945
16.92728614807129
18.06218147277832
9.304773330688477
17.672609329223633
22.122238159179688
12.77050495147705
10.364035606384277
13.044020652770996
13.35359001159668
9.122802734375
13.466748237609863
13.505393981933594
8.561497688293457
12.915102005004883
19.461668014526367
8.503989219665527
7.65218448638916
11.001648902893066
10.149564743041992
6.340802192687988
11.188636779785156
10.838709831237793
7.927042007446289
9.51024341583252
16.815723419189453
6.030032634735107
5.757008075714111
9.648322105407715
8.059744834899902
4.496553421020508
9.11709976196289
8.818840026855469
7.716214179992676
7.309478759765625
14.034772872924805
4.210574150085449
4.630377292633057
8.700979232788086
6.793452262878418
3.474987030029297
7.674417495727539
7.894275665283203
7.582940101623535
5.896853923797607
12.897074699401855
3.114703893661499
3.7460145950317383
7.98376989364624
5.901236534118652
2.745706081390381
6.6797637939453125
6.294276237487793
7.298534393310547
4.58169412612915
12.1939697265625
2.4778554439544678
2.987291097640991
7.201754093170166
4.949141025543213
2.2470977306365967
5.708912372589111
5.6406049728393555
6.699856758117676
3.9332785606384277
11.145655632019043
1.9026445150375366
2.54502010345459
6.355683326721191
4.387964248657227
2.009786605834961
4.986210346221924
5.379515647888184
6.6625895500183105
3.0009379386901855
10.065750122070312
1.574795126914978
2.116499185562134
5.58732795715332
3.7904932498931885
1.5684139728546143
4.248785495758057
4.552484512329102
7.30557918548584
2.5865824222564697
9.895186424255371
1.3096497058868408
1.7867308855056763
4.927116870880127
3.2944931983947754
1.3883106708526611
3.7084848880767822
4.097793102264404
6.306587219238281
2.110651731491089
8.86361026763916
1.1505918502807617
1.5040581226348877
4.37916374206543
2.907747268676758
1.1431279182434082
3.2004380226135254
3.647231101989746
5.88043737411499
1.7721943855285645
8.339272499084473
1.0615123510360718
1.3068032264709473
3.900912046432495
2.9712300300598145
0.9910876154899597
2.817528009414673
3.5460000038146973
5.1511406898498535
1.494211196899414
8.1936674118042
0.9792026281356812
1.115344524383545
3.4752073287963867
2.5164828300476074
0.9044504761695862
2.488811731338501
3.002314805984497
5.192867755889893
1.2312829494476318
6.654040813446045
0.8643097281455994
0.9488204717636108
3.1435012817382812
2.5272626876831055
0.7868965864181519
2.17852783203125
2.5335609912872314
4.708795547485352
1.1086745262145996
5.816701889038086
0.9274522662162781
0.8401696681976318
2.9107353687286377
2.1977405548095703
0.5964266657829285
1.9137898683547974
2.4884724617004395
6.183672904968262
0.8917804956436157
5.258584499359131
0.8240247964859009
0.7520479559898376
2.6439731121063232
2.2416930198669434
0.6595244407653809
1.7006064653396606
2.122426748275757
5.789109706878662
0.7725620865821838
4.172426223754883
0.7181369066238403
0.6519825458526611
2.3395636081695557
2.1924002170562744
0.6560927629470825
1.4888031482696533
1.764939785003662
5.134636402130127
0.6708337664604187
3.4195871353149414
0.8302857875823975
0.5829069018363953
2.184364080429077
2.1343555450439453
0.48228225111961365
1.3266992568969727
1.6282131671905518
5.300015926361084
0.6023180484771729
2.933121681213379
0.5365440845489502
0.5254745483398438
1.8738429546356201
1.8983523845672607
0.5850203037261963
1.1945792436599731
1.4839426279067993
4.710063934326172
0.5179441571235657
2.605586290359497
0.6181125044822693
0.48599347472190857
1.710268497467041
1.7473410367965698
0.4556148052215576
