37.702484130859375
67.3247299194336
32.667694091796875
52.33370590209961
65.85523986816406
93.09113311767578
25.96340560913086
46.66336441040039
53.27387619018555
52.23102569580078
18.482486724853516
48.7080078125
28.98544692993164
56.32917022705078
48.73343276977539
167.00868225097656
52.903106689453125
37.67674255371094
64.9905776977539
82.05278015136719
18.758230209350586
52.67302703857422
32.579410552978516
58.8451042175293
48.99177932739258
120.97750091552734
50.502620697021484
32.449134826660156
70.66423034667969
93.31211853027344
18.975383758544922
55.658042907714844
38.89020919799805
62.89543914794922
42.84119415283203
120.66986083984375
45.31975173950195
25.806631088256836
68.89800262451172
91.96270751953125
17.92747688293457
50.12687301635742
47.48543930053711
58.6212043762207
37.19963836669922
116.64659118652344
49.426246643066406
27.93868064880371
66.27818298339844
92.72440338134766
17.874021530151367
49.054046630859375
48.50193405151367
55.4672737121582
39.94657897949219
103.8338851928711
47.83336639404297
26.968385696411133
67.43670654296875
86.07514190673828
17.543027877807617
53.752071380615234
48.999237060546875
52.51906967163086
32.598567962646484
100.81903839111328
49.46031188964844
23.433536529541016
70.26392364501953
80.66667938232422
17.461442947387695
55.447364807128906
47.05037307739258
50.52451705932617
35.001953125
101.03663635253906
47.52650833129883
23.070680618286133
68.80055236816406
80.61560821533203
16.571603775024414
51.583377838134766
45.485313415527344
51.249229431152344
33.045814514160156
101.90199279785156
48.326900482177734
22.75390625
67.63990783691406
75.46424102783203
15.809456825256348
51.90387725830078
43.10895919799805
46.53590393066406
30.86140251159668
93.73794555664062
46.37552261352539
20.67680549621582
64.95455932617188
73.97673034667969
14.815397262573242
51.30051040649414
43.086788177490234
43.96030807495117
29.456239700317383
88.69064331054688
44.1927375793457
18.84510612487793
62.99675369262695
68.95892333984375
13.989635467529297
50.007755279541016
39.59759521484375
40.82405471801758
28.196800231933594
83.58584594726562
42.16333770751953
17.2325439453125
62.568077087402344
68.07208251953125
12.976457595825195
45.93231964111328
37.500186920166016
40.18495559692383
25.845890045166016
77.52787780761719
40.255393981933594
15.951057434082031
59.20964813232422
63.78192138671875
12.20313549041748
44.34038162231445
36.03388595581055
38.636192321777344
24.519086837768555
72.67852020263672
38.159732818603516
14.454886436462402
56.7767333984375
61.508785247802734
11.290850639343262
41.581417083740234
31.581785202026367
37.87393569946289
22.62675666809082
66.10420989990234
36.64307403564453
13.517182350158691
54.57432174682617
60.6861686706543
10.553709983825684
39.51926803588867
29.732175827026367
36.16130065917969
21.243595123291016
62.549224853515625
34.7559814453125
12.298558235168457
53.15306091308594
57.941497802734375
10.027837753295898
37.894630432128906
27.889802932739258
35.82915496826172
19.12281036376953
59.27998733520508
34.751224517822266
11.476214408874512
53.00286865234375
56.756248474121094
9.2599458694458
36.371490478515625
27.854991912841797
34.988643646240234
17.6726016998291
56.47150802612305
34.02815628051758
10.720260620117188
51.61490249633789
56.86247634887695
8.924506187438965
35.931941986083984
26.54295539855957
34.62656021118164
15.989141464233398
54.63898468017578
33.58854675292969
9.700936317443848
51.282005310058594
55.3199577331543
8.73939037322998
33.78463363647461
25.316530227661133
33.822654724121094
14.708847045898438
51.89331817626953
32.20150375366211
8.93675708770752
50.3636474609375
54.539276123046875
8.417197227478027
32.0819091796875
23.537538528442383
33.03575897216797
13.454316139221191
50.35581588745117
30.989479064941406
8.351066589355469
49.085262298583984
52.305519104003906
7.991974830627441
30.329740524291992
22.359670639038086
31.93625831604004
12.20280647277832
47.72816848754883
30.132984161376953
7.23569393157959
47.581363677978516
49.20798873901367
7.632302284240723
27.7217960357666
19.78830337524414
29.899394989013672
10.708621978759766
44.475250244140625
28.365623474121094
6.532285690307617
45.02385711669922
46.171142578125
6.99360990524292
25.70737648010254
18.110963821411133
27.9702205657959
9.476469993591309
41.79159927368164
25.852113723754883
5.700935363769531
42.22600555419922
41.73497009277344
6.037805557250977
22.786901473999023
14.886571884155273
24.392826080322266
8.116633415222168
37.37126541137695
23.47595977783203
4.596615791320801
37.487361907958984
36.587242126464844
5.048486709594727
19.025196075439453
11.647239685058594
20.495893478393555
6.414834976196289
31.698501586914062
19.75824546813965
3.4038054943084717
32.88664245605469
29.694177627563477
3.9138333797454834
15.233118057250977
7.811187744140625
16.361492156982422
4.911398887634277
25.460289001464844
15.613249778747559
2.2413110733032227
26.8726806640625
23.048294067382812
2.6708881855010986
11.184916496276855
4.2784600257873535
12.06771183013916
3.4115397930145264
19.96000099182129
11.115882873535156
1.184298038482666
20.81203269958496
16.85799789428711
1.604128122329712
7.290229320526123
1.844993233680725
7.9305901527404785
2.1832103729248047
13.046805381774902
7.672825813293457
0.40075960755348206
15.048242568969727
11.256277084350586
0.796298623085022
4.273044109344482
0.37053820490837097
4.530745506286621
1.1877143383026123
7.537749767303467
4.526565074920654
0.047253020107746124
10.671825408935547
6.883285045623779
0.2985549867153168
2.284860372543335
0.09492906183004379
2.2704250812530518
0.5147329568862915
3.9240658283233643
2.313112258911133
0.04176147282123566
7.168263912200928
3.7348525524139404
0.036388736218214035
1.0313080549240112
1.0456140041351318
0.9346190690994263
0.0919916182756424
1.9415422677993774
1.0061252117156982
0.2095642387866974
4.540419101715088
1.8053253889083862
0.0019312520744279027
0.29155004024505615
2.674992799758911
0.29749253392219543
0.03354255482554436
0.8165614008903503
0.5031501650810242
0.5214950442314148
3.29707407951355
0.9646378755569458
0.06055550277233124
0.07335450500249863
3.1322379112243652
0.0822218656539917
0.008357040584087372
0.30277323722839355
0.18388217687606812
0.670511782169342
2.6034998893737793
0.8612655401229858
0.09259330481290817
0.008531664498150349
4.0913567543029785
0.012901035137474537
0.000134016721858643
0.18846599757671356
0.12225482612848282
0.6747549176216125
2.343172550201416
0.40458521246910095
0.10171715915203094
0.011974941939115524
4.82701301574707
0.0003299900854472071
0.0010075741447508335
0.1516474336385727
0.06157935410737991
0.589134156703949
2.22763729095459
0.3404500484466553
0.1448308527469635
3.1838299037190154e-06
5.14276647567749
3.9576771087013185e-05
0.013454105705022812
0.08365509659051895
0.0023589166812598705
0.5664865970611572
1.9545289278030396
0.3232845962047577
0.1371149867773056
0.0044902656227350235
4.826044082641602
0.01581611856818199
0.02646217867732048
0.17432816326618195
0.01635664328932762
0.5217492580413818
1.8976026773452759
0.5193185806274414
0.156449556350708
0.039406608790159225
5.182459831237793
1.7486127035226673e-05
0.044557832181453705
0.19826626777648926
0.005745884496718645
0.5620309710502625
1.7448135614395142
0.2525608241558075
0.135727658867836
0.03173105791211128
6.145200729370117
0.0073694284074008465
0.10839590430259705
0.1679721474647522
0.001412166515365243
0.5173503160476685
1.6398637294769287
0.33826979994773865
0.14137457311153412
0.062447208911180496
5.313692092895508
0.002573461504653096
0.1298012137413025
0.2501293420791626
0.00026649434585124254
0.4403302073478699
1.523034930229187
0.24906407296657562
0.1300102323293686
0.0677758976817131
4.987879276275635
0.003447761293500662
0.1988898068666458
0.3059101104736328
0.0025831174571067095
0.3934937119483948
1.7124806642532349
0.18972399830818176
0.1378340870141983
0.1329021155834198
4.366637706756592
0.004603945650160313
0.28950944542884827
0.3538142442703247
1.953959508682601e-05
0.37586236000061035
1.49881112575531
0.2163025587797165
0.15388619899749756
0.10263736546039581
4.520453929901123
8.159848221112043e-06
0.2513277232646942
0.3279893100261688
0.0054073152132332325
0.4037187993526459
1.609973669052124
0.20393139123916626
0.1506291925907135
0.11509497463703156
4.300865650177002
0.011586010456085205
0.2793221175670624
0.4664956331253052
3.776529774768278e-05
0.46656379103660583
1.4895459413528442
0.09944017976522446
0.1506747305393219
0.18159906566143036
5.606986999511719
0.0006738041993230581
0.3556368350982666
0.38969749212265015
0.00015888456255197525
0.42511096596717834
1.5046155452728271
0.22793495655059814
0.1590658277273178
0.18845252692699432
5.443021297454834
0.011952666565775871
0.30032071471214294
0.3342694044113159
0.0020554002840071917
0.4440157115459442
1.528394103050232
0.22025081515312195
0.13774922490119934
0.13716118037700653
4.778940677642822
0.0005946686724200845
0.2806209325790405
0.5246251225471497
0.002354071708396077
0.5452006459236145
1.5880348682403564
0.16403663158416748
0.1387277990579605
0.1494855433702469
4.722077369689941
0.01157483458518982
0.28568369150161743
0.2767527103424072
0.009548143483698368
0.4556131362915039
1.4455444812774658
0.2723606526851654
0.15774935483932495
0.18179510533809662
4.5757269859313965
0.001262246398255229
0.29925474524497986
0.4367259740829468
0.0006602543871849775
0.47374460101127625
1.3394646644592285
0.1770949512720108
