31.998031616210938
58.55039596557617
0.07795543223619461
31.064180374145508
31.998031616210938
58.55039596557617
0.07795543223619461
31.064180374145508
2.7680435180664062
11.875040054321289
14.680778503417969
63.74763107299805
4.447330474853516
1.0860146284103394
0.7055662870407104
0.41152310371398926
0.6009965538978577
0.05956590548157692
0.032950516790151596
1.315401315689087
4.273742198944092
0.004871555604040623
0.03519237041473389
0.7667458057403564
6.105362415313721
1.5727618932724
1.7366433143615723
0.07136209309101105
0.0001936328917508945
2.8066282272338867
0.028797198086977005
1.116263747215271
0.002696967450901866
0.22943319380283356
4.118386745452881
2.5091092586517334
2.6987404823303223
0.6636964082717896
0.09971596300601959
2.2512147426605225
0.22116512060165405
1.5893369913101196
0.028139900416135788
0.02917054481804371
2.34552264213562
3.02706241607666
3.440258741378784
1.4237122535705566
0.28902488946914673
1.817063570022583
0.5409636497497559
2.123986005783081
0.09896399080753326
0.007100539747625589
1.6140577793121338
4.008855819702148
4.279573440551758
2.1568984985351562
0.5596281290054321
1.5275804996490479
0.8866658806800842
2.436065912246704
0.20467053353786469
0.0753525048494339
0.9521383047103882
4.87720251083374
4.957388401031494
3.0196566581726074
0.8737922310829163
1.1032309532165527
1.31669020652771
2.8635683059692383
0.36400559544563293
0.2569946050643921
0.5350912809371948
5.7987165451049805
5.77282190322876
4.016068935394287
1.224546194076538
0.7930410504341125
1.7580628395080566
3.4238369464874268
0.5080564022064209
0.40631306171417236
0.31193017959594727
6.576765060424805
6.321310043334961
4.697789192199707
1.5404144525527954
0.5769084095954895
2.1820456981658936
3.787916898727417
0.6117176413536072
0.5867742300033569
0.14941881597042084
7.107972621917725
6.8568878173828125
5.458702564239502
1.7668237686157227
0.437798410654068
2.522747039794922
4.171066761016846
0.7139443159103394
0.7519190311431885
0.1140044704079628
7.456636428833008
7.301477432250977
6.013543128967285
2.0092813968658447
0.3435659408569336
2.8393795490264893
4.536215782165527
0.8362571597099304
0.8998857140541077
0.038132764399051666
7.977566242218018
7.6896467208862305
6.629950523376465
2.244291305541992
0.25973570346832275
3.155290126800537
4.941735744476318
0.007532411254942417
3.878035068511963
2.502190113067627
nan
nan
nan
nan
nan
nan
nan
nan
nan
nan
nan
nan
nan
nan
nan
nan
nan
nan
nan
nan
nan
nan
nan
nan
nan
nan
nan
nan
nan
nan
nan
nan
nan
nan
nan
nan
nan
nan
nan
nan
nan
nan
nan
nan
nan
nan
nan
nan
nan
nan
nan
nan
nan
nan
nan
nan
nan
nan
nan
nan
nan
nan
nan
nan
nan
nan
nan
nan
nan
nan
nan
nan
nan
nan
nan
nan
nan
nan
nan
nan
nan
nan
nan
nan
nan
nan
nan
nan
nan
nan
nan
nan
nan
nan
nan
nan
nan
0.03519237041473389
0.7667458057403564
6.105362415313721
1.5727618932724
1.7366433143615723
0.07136209309101105
0.0001936328917508945
2.8066282272338867
0.028797198086977005
1.116263747215271
0.002696967450901866
0.22943319380283356
4.118386745452881
2.5091092586517334
2.6987404823303223
0.6636964082717896
0.09971596300601959
2.2512147426605225
0.22116512060165405
1.5893369913101196
0.028139900416135788
0.02917054481804371
2.34552264213562
3.02706241607666
3.440258741378784
1.4237122535705566
0.28902488946914673
1.817063570022583
0.5409636497497559
2.123986005783081
0.09896399080753326
0.007100539747625589
1.6140577793121338
4.008855819702148
4.279573440551758
2.1568984985351562
0.5596281290054321
1.5275804996490479
0.8866658806800842
2.436065912246704
0.20467053353786469
0.0753525048494339
0.9521383047103882
4.87720251083374
4.957388401031494
3.0196566581726074
0.8737922310829163
1.1032309532165527
1.31669020652771
2.8635683059692383
0.36400559544563293
0.2569946050643921
0.5350912809371948
5.7987165451049805
5.77282190322876
4.016068935394287
1.224546194076538
0.7930410504341125
1.7580628395080566
3.4238369464874268
0.5080564022064209
0.40631306171417236
0.31193017959594727
6.576765060424805
6.321310043334961
4.697789192199707
1.5404144525527954
0.5769084095954895
2.1820456981658936
3.787916898727417
0.6117176413536072
0.5867742300033569
0.14941881597042084
7.107972621917725
6.8568878173828125
5.458702564239502
1.7668237686157227
0.437798410654068
2.522747039794922
4.171066761016846
0.7139443159103394
0.7519190311431885
0.1140044704079628
7.456636428833008
7.301477432250977
6.013543128967285
2.0092813968658447
0.3435659408569336
2.8393795490264893
4.536215782165527
0.8362571597099304
0.8998857140541077
0.038132764399051666
7.977566242218018
7.6896467208862305
6.629950523376465
2.244291305541992
0.25973570346832275
3.155290126800537
4.941735744476318
12.706409454345703
47.651756286621094
50.540592193603516
60.21269607543945
23.768043518066406
80.04148864746094
27.60421371459961
17.371793746948242
56.52259063720703
52.45164108276367
15.785910606384277
45.93534469604492
27.848400115966797
43.3706169128418
22.34009552001953
123.45928955078125
48.07736587524414
17.413415908813477
32.41466522216797
295.90509033203125
16.34840202331543
90.4094009399414
92.042724609375
90.85417938232422
22.091094970703125
120.84735107421875
73.74271392822266
15.472705841064453
6.403761863708496
55.224308013916016
14.565278053283691
53.32602310180664
34.033138275146484
61.192806243896484
22.169767379760742
62.17446517944336
74.08580017089844
18.783119201660156
53.25408935546875
77.52654266357422
16.319868087768555
26.590190887451172
54.89381790161133
85.77347564697266
22.323457717895508
89.75694274902344
51.14430236816406
18.05746078491211
76.36363983154297
63.996070861816406
17.532651901245117
51.2227783203125
45.188297271728516
65.33174133300781
22.931020736694336
61.92609786987305
14.202474594116211
18.557647705078125
148.19151306152344
59.752803802490234
18.083478927612305
30.714380264282227
72.83429718017578
62.02450942993164
23.208038330078125
139.28598022460938
28.093530654907227
19.39325714111328
30.349571228027344
174.0476837158203
18.345661163330078
67.54130554199219
114.62034606933594
68.2351303100586
23.370437622070312
92.80308532714844
87.24472045898438
20.08991813659668
104.81090545654297
132.1244659423828
19.1033992767334
84.61228942871094
37.276031494140625
87.6463851928711
23.71168327331543
85.21696472167969
15.12549877166748
20.795604705810547
41.721012115478516
54.81290054321289
18.48334503173828
78.09980010986328
110.71351623535156
70.74944305419922
23.34432601928711
101.39797973632812
37.612552642822266
21.301340103149414
134.40211486816406
142.49142456054688
35.347801208496094
45.72850799560547
168.03091430664062
173.44520568847656
60.739112854003906
261.63775634765625
94.35005187988281
73.54823303222656
171.78469848632812
129.955322265625
21.31194496154785
34.224300384521484
150.7756805419922
185.09181213378906
54.148372650146484
254.1112060546875
90.48440551757812
68.56503295898438
164.39395141601562
97.49781799316406
28.56170082092285
29.971250534057617
140.04209899902344
171.01344299316406
51.64311218261719
268.96551513671875
87.57947540283203
67.67328643798828
160.24136352539062
100.54116821289062
19.731613159179688
28.42498779296875
136.70712280273438
155.5181427001953
52.94345474243164
235.3532257080078
84.58029174804688
63.03451156616211
155.814208984375
118.74085235595703
23.168956756591797
25.896648406982422
132.15501403808594
150.13153076171875
47.78563690185547
249.31138610839844
82.82200622558594
62.046775817871094
152.25782775878906
122.69491577148438
17.64353370666504
26.230876922607422
128.66168212890625
157.74789428710938
49.35772705078125
217.98507690429688
81.10446166992188
60.7890739440918
149.2810516357422
131.4421844482422
12.88162612915039
25.19314193725586
125.909912109375
162.27313232421875
49.524662017822266
226.37359619140625
79.95923614501953
60.10188674926758
146.4808349609375
110.71996307373047
23.131397247314453
22.449928283691406
122.23619079589844
158.24484252929688
43.148277282714844
219.06910705566406
78.57971954345703
57.31137466430664
144.13279724121094
110.79592895507812
12.33098316192627
21.92658042907715
120.21720123291016
157.2304229736328
36.75226974487305
212.26983642578125
76.8758773803711
55.06462478637695
141.3196258544922
94.53734588623047
11.688255310058594
20.26287841796875
119.34558868408203
150.2569122314453
42.063655853271484
198.8794403076172
75.2829360961914
55.33406066894531
140.40731811523438
103.40718078613281
35.347801208496094
45.72850799560547
168.03091430664062
173.44520568847656
60.739112854003906
261.63775634765625
94.35005187988281
73.54823303222656
171.78469848632812
129.955322265625
21.31194496154785
34.224300384521484
150.7756805419922
185.09181213378906
54.148372650146484
254.1112060546875
90.48440551757812
68.56503295898438
164.39395141601562
97.49781799316406
28.56170082092285
29.971250534057617
140.04209899902344
171.01344299316406
51.64311218261719
268.96551513671875
87.57947540283203
67.67328643798828
160.24136352539062
100.54116821289062
19.731613159179688
28.42498779296875
136.70712280273438
155.5181427001953
52.94345474243164
235.3532257080078
84.58029174804688
63.03451156616211
155.814208984375
118.74085235595703
23.168956756591797
25.896648406982422
132.15501403808594
150.13153076171875
47.78563690185547
249.31138610839844
82.82200622558594
62.046775817871094
152.25782775878906
122.69491577148438
17.64353370666504
26.230876922607422
128.66168212890625
157.74789428710938
49.35772705078125
217.98507690429688
81.10446166992188
60.7890739440918
149.2810516357422
131.4421844482422
12.88162612915039
25.19314193725586
125.909912109375
162.27313232421875
49.524662017822266
226.37359619140625
79.95923614501953
60.10188674926758
146.4808349609375
110.71996307373047
23.131397247314453
22.449928283691406
122.23619079589844
158.24484252929688
43.148277282714844
219.06910705566406
78.57971954345703
57.31137466430664
144.13279724121094
110.79592895507812
12.33098316192627
21.92658042907715
120.21720123291016
157.2304229736328
36.75226974487305
212.26983642578125
76.8758773803711
55.06462478637695
141.3196258544922
94.53734588623047
11.688255310058594
20.26287841796875
119.34558868408203
150.2569122314453
42.063655853271484
198.8794403076172
75.2829360961914
55.33406066894531
140.40731811523438
103.40718078613281
13.253336906433105
21.138713836669922
116.91195678710938
144.3641357421875
42.15879440307617
214.93690490722656
74.16590881347656
53.54726028442383
138.0377655029297
97.83734130859375
18.750295639038086
19.471786499023438
114.22978210449219
143.95953369140625
45.937137603759766
214.74325561523438
72.87899780273438
52.30861282348633
136.11863708496094
106.66719818115234
15.659337997436523
19.215566635131836
112.15770721435547
143.462646484375
34.90443420410156
193.78219604492188
71.07160186767578
50.9075813293457
133.90802001953125
116.16106414794922
12.886435508728027
18.576074600219727
110.2867202758789
142.52500915527344
40.708526611328125
201.72642517089844
70.41536712646484
49.90088653564453
131.67861938476562
92.66739654541016
14.419013023376465
18.11972427368164
107.43303680419922
143.97930908203125
36.30705261230469
188.61976623535156
69.13036346435547
48.18069076538086
129.7255096435547
95.28009033203125
14.013226509094238
17.70497703552246
105.45059967041016
137.89012145996094
35.493255615234375
166.29408264160156
67.86145782470703
47.19203186035156
127.6544418334961
84.26165771484375
13.360664367675781
16.196516036987305
102.44677734375
141.2252655029297
31.985498428344727
176.64892578125
66.53124237060547
46.57729721069336
125.66685485839844
94.8648910522461
12.805011749267578
15.292545318603516
101.08010864257812
129.82395935058594
34.83426284790039
179.45025634765625
65.58833312988281
44.06272888183594
123.27977752685547
89.87665557861328
7.764641284942627
15.429710388183594
99.01878356933594
132.18658447265625
35.2917594909668
192.6822509765625
64.24295806884766
43.26363754272461
121.39898681640625
71.52190399169922
7.518354892730713
14.927350044250488
97.24974060058594
134.86416625976562
31.28642463684082
186.7861785888672
63.25702667236328
42.629295349121094
119.50926208496094
75.2373046875
9.386866569519043
13.964552879333496
93.80049133300781
124.63306427001953
34.581268310546875
200.93453979492188
62.00629425048828
41.5252799987793
117.36944580078125
81.5499267578125
8.263627052307129
12.762674331665039
91.4612045288086
127.89411163330078
30.16865348815918
178.43643188476562
61.22645950317383
40.71641159057617
115.517822265625
99.59749603271484
7.962251663208008
13.260958671569824
90.02974700927734
120.39688873291016
31.49753189086914
178.97991943359375
59.784812927246094
39.0767822265625
113.4047622680664
103.77490997314453
7.872904300689697
12.559205055236816
90.58438873291016
120.02928924560547
30.565616607666016
172.2442626953125
58.292545318603516
37.85841751098633
111.85198211669922
84.46047973632812
10.927902221679688
12.055557250976562
85.49186706542969
124.73262023925781
31.139793395996094
146.63043212890625
57.20832824707031
37.276309967041016
109.65555572509766
94.406982421875
11.235095977783203
11.645198822021484
85.74828338623047
116.2437744140625
27.64059066772461
152.4375
55.4727668762207
36.23452377319336
107.95513916015625
69.26499938964844
5.512991428375244
9.646154403686523
83.75454711914062
115.15147399902344
26.51556396484375
137.47479248046875
54.877384185791016
34.007179260253906
105.84380340576172
59.957828521728516
11.062518119812012
10.40386962890625
81.75709533691406
111.57470703125
26.05728530883789
127.64075469970703
54.056236267089844
34.28768539428711
104.16871643066406
101.49492645263672
9.044447898864746
10.804415702819824
81.15409088134766
108.79662322998047
21.360692977905273
161.44090270996094
53.14612579345703
33.0369758605957
102.03714752197266
89.55741882324219
6.915140628814697
8.282958984375
77.63440704345703
112.17173767089844
30.26229476928711
125.47970581054688
51.709815979003906
31.507919311523438
100.16830444335938
57.072696685791016
7.531710624694824
8.136741638183594
74.38994598388672
108.17491149902344
20.467552185058594
143.51792907714844
51.669795989990234
31.497465133666992
98.22825622558594
59.49287796020508
7.183994770050049
9.197917938232422
70.47173309326172
106.6880111694336
21.282508850097656
107.89051818847656
49.9847412109375
28.2217960357666
96.91964721679688
69.44012451171875
9.728659629821777
7.83322811126709
70.79580688476562
103.25389099121094
26.476558685302734
162.7593536376953
49.104248046875
27.855873107910156
94.80345916748047
79.0784912109375
3.893112897872925
7.515493869781494
68.39617156982422
101.64293670654297
21.305648803710938
122.57150268554688
47.7083625793457
28.133344650268555
93.18121337890625
82.42555236816406
8.726222038269043
8.470415115356445
66.2894058227539
101.71630859375
23.0488338470459
126.87647247314453
46.48870849609375
26.631757736206055
90.9024429321289
36.067874908447266
5.6993889808654785
6.875857830047607
65.44046020507812
99.13528442382812
21.587081909179688
143.01930236816406
45.5716667175293
24.039751052856445
88.94512176513672
52.137855529785156
4.81950044631958
5.109340667724609
64.82073211669922
104.17182922363281
16.948863983154297
98.14478302001953
44.58830261230469
24.49724578857422
87.26799011230469
53.886695861816406
2.7141220569610596
5.005799770355225
60.398067474365234
97.63589477539062
20.68911361694336
124.68694305419922
43.334991455078125
23.103654861450195
85.35625457763672
76.50468444824219
4.0849289894104
4.9378790855407715
60.35574722290039
91.42019653320312
17.41961669921875
106.50442504882812
42.65275573730469
21.969995498657227
83.8543472290039
61.07857894897461
0.6871155500411987
3.6697838306427
56.96872329711914
97.37662506103516
14.576022148132324
108.83344268798828
41.67882537841797
21.892152786254883
82.24676513671875
61.798431396484375
9.548370361328125
4.398695468902588
57.23491668701172
86.15836334228516
17.079221725463867
96.25590515136719
40.271907806396484
20.76331901550293
80.13317108154297
58.94450759887695
3.282008171081543
4.592983722686768
55.63987350463867
84.55040740966797
18.78953742980957
127.00872039794922
39.46480178833008
20.93164825439453
78.84999084472656
57.55675506591797
5.174604415893555
3.2065927982330322
55.69371795654297
77.04076385498047
21.061960220336914
80.12474822998047
38.66180419921875
19.000598907470703
77.24075317382812
47.13395690917969
4.971607685089111
2.8170835971832275
51.448753356933594
81.83782196044922
16.406211853027344
134.38729858398438
37.603759765625
18.81072998046875
75.26105499267578
64.19347381591797
0.8686152100563049
2.42338490486145
49.35126495361328
77.54483795166016
11.010683059692383
87.9332504272461
36.96419143676758
19.659555435180664
73.44113159179688
44.667083740234375
4.618320465087891
3.2002153396606445
49.470279693603516
87.20063018798828
15.212882041931152
107.61554718017578
35.969688415527344
16.67460060119629
71.5086898803711
37.548038482666016
3.0424246788024902
2.7263665199279785
46.45663833618164
88.91339111328125
12.058364868164062
104.90339660644531
34.853004455566406
15.71136474609375
70.00044250488281
37.501251220703125
1.928776741027832
3.0499584674835205
42.70552444458008
84.74810028076172
16.75362777709961
82.44955444335938
33.471534729003906
16.196104049682617
68.33612060546875
68.02793884277344
4.0167365074157715
3.02427077293396
45.58539581298828
79.42498779296875
11.888733863830566
107.96643829345703
32.63813018798828
14.78140640258789
66.95747375488281
41.443424224853516
1.9801491498947144
1.2359601259231567
40.64967346191406
79.02656555175781
13.497053146362305
52.75563430786133
32.00831604003906
14.852015495300293
65.35679626464844
46.36466598510742
35.347801208496094
45.72850799560547
168.03091430664062
173.44520568847656
60.739112854003906
261.63775634765625
94.35005187988281
73.54823303222656
171.78469848632812
129.955322265625
35.347801208496094
45.72850799560547
168.03091430664062
173.44520568847656
60.739112854003906
261.63775634765625
94.35005187988281
73.54823303222656
171.78469848632812
129.955322265625
21.31194496154785
34.224300384521484
150.7756805419922
185.09181213378906
54.148372650146484
254.1112060546875
90.48440551757812
68.56503295898438
164.39395141601562
97.49781799316406
28.56170082092285
29.971250534057617
140.04209899902344
171.01344299316406
51.64311218261719
268.96551513671875
87.57947540283203
67.67328643798828
160.24136352539062
100.54116821289062
19.731613159179688
28.42498779296875
136.70712280273438
155.5181427001953
52.94345474243164
235.3532257080078
84.58029174804688
63.03451156616211
155.814208984375
118.74085235595703
23.168956756591797
25.896648406982422
132.15501403808594
150.13153076171875
47.78563690185547
249.31138610839844
82.82200622558594
62.046775817871094
152.25782775878906
122.69491577148438
35.347801208496094
45.72850799560547
168.03091430664062
173.44520568847656
60.739112854003906
261.63775634765625
94.35005187988281
73.54823303222656
171.78469848632812
129.955322265625
21.31194496154785
34.224300384521484
150.7756805419922
185.09181213378906
54.148372650146484
254.1112060546875
90.48440551757812
68.56503295898438
164.39395141601562
97.49781799316406
28.56170082092285
29.971250534057617
140.04209899902344
171.01344299316406
51.64311218261719
268.96551513671875
87.57947540283203
67.67328643798828
160.24136352539062
100.54116821289062
19.731613159179688
28.42498779296875
136.70712280273438
155.5181427001953
52.94345474243164
235.3532257080078
84.58029174804688
63.03451156616211
155.814208984375
118.74085235595703
23.168956756591797
25.896648406982422
132.15501403808594
150.13153076171875
47.78563690185547
249.31138610839844
82.82200622558594
62.046775817871094
152.25782775878906
122.69491577148438
35.347801208496094
45.72850799560547
168.03091430664062
173.44520568847656
60.739112854003906
261.63775634765625
94.35005187988281
73.54823303222656
171.78469848632812
129.955322265625
35.347801208496094
45.72850799560547
168.03091430664062
173.44520568847656
60.739112854003906
261.63775634765625
94.35005187988281
73.54823303222656
171.78469848632812
129.955322265625
35.347801208496094
45.72850799560547
168.03091430664062
173.44520568847656
60.739112854003906
261.63775634765625
94.35005187988281
73.54823303222656
171.78469848632812
129.955322265625
35.347801208496094
45.72850799560547
168.03091430664062
173.44520568847656
60.739112854003906
261.63775634765625
94.35005187988281
73.54823303222656
171.78469848632812
129.955322265625
35.347801208496094
45.72850799560547
168.03091430664062
173.44520568847656
60.739112854003906
261.63775634765625
94.35005187988281
73.54823303222656
171.78469848632812
129.955322265625
21.31194496154785
34.224300384521484
150.7756805419922
185.09181213378906
54.148372650146484
254.1112060546875
90.48440551757812
68.56503295898438
164.39395141601562
97.49781799316406
28.56170082092285
29.971250534057617
140.04209899902344
171.01344299316406
51.64311218261719
268.96551513671875
87.57947540283203
67.67328643798828
160.24136352539062
100.54116821289062
19.731613159179688
28.42498779296875
136.70712280273438
155.5181427001953
52.94345474243164
235.3532257080078
84.58029174804688
63.03451156616211
155.814208984375
118.74085235595703
23.168956756591797
25.896648406982422
132.15501403808594
150.13153076171875
47.78563690185547
249.31138610839844
82.82200622558594
62.046775817871094
152.25782775878906
122.69491577148438
17.64353370666504
26.230876922607422
128.66168212890625
157.74789428710938
49.35772705078125
217.98507690429688
81.10446166992188
60.7890739440918
149.2810516357422
131.4421844482422
12.88162612915039
25.19314193725586
125.909912109375
162.27313232421875
49.524662017822266
226.37359619140625
79.95923614501953
60.10188674926758
146.4808349609375
110.71996307373047
23.131397247314453
22.449928283691406
122.23619079589844
158.24484252929688
43.148277282714844
219.06910705566406
78.57971954345703
57.31137466430664
144.13279724121094
110.79592895507812
12.33098316192627
21.92658042907715
120.21720123291016
157.2304229736328
36.75226974487305
212.26983642578125
76.8758773803711
55.06462478637695
141.3196258544922
94.53734588623047
11.688255310058594
20.26287841796875
119.34558868408203
150.2569122314453
42.063655853271484
198.8794403076172
75.2829360961914
55.33406066894531
140.40731811523438
103.40718078613281
13.253336906433105
21.138713836669922
116.91195678710938
144.3641357421875
42.15879440307617
214.93690490722656
74.16590881347656
53.54726028442383
138.0377655029297
97.83734130859375
18.750295639038086
19.471786499023438
114.22978210449219
143.95953369140625
45.937137603759766
214.74325561523438
72.87899780273438
52.30861282348633
136.11863708496094
106.66719818115234
15.659337997436523
19.215566635131836
112.15770721435547
143.462646484375
34.90443420410156
193.78219604492188
71.07160186767578
50.9075813293457
133.90802001953125
116.16106414794922
12.886435508728027
18.576074600219727
110.2867202758789
142.52500915527344
40.708526611328125
201.72642517089844
70.41536712646484
49.90088653564453
131.67861938476562
92.66739654541016
14.419013023376465
18.11972427368164
107.43303680419922
143.97930908203125
36.30705261230469
188.61976623535156
69.13036346435547
48.18069076538086
129.7255096435547
95.28009033203125
14.013226509094238
17.70497703552246
105.45059967041016
137.89012145996094
35.493255615234375
166.29408264160156
67.86145782470703
47.19203186035156
127.6544418334961
84.26165771484375
13.360664367675781
16.196516036987305
102.44677734375
141.2252655029297
31.985498428344727
176.64892578125
66.53124237060547
46.57729721069336
125.66685485839844
94.8648910522461
12.805011749267578
15.292545318603516
101.08010864257812
129.82395935058594
34.83426284790039
179.45025634765625
65.58833312988281
44.06272888183594
123.27977752685547
89.87665557861328
7.764641284942627
15.429710388183594
99.01878356933594
132.18658447265625
35.2917594909668
192.6822509765625
64.24295806884766
43.26363754272461
121.39898681640625
71.52190399169922
7.518354892730713
14.927350044250488
97.24974060058594
134.86416625976562
31.28642463684082
186.7861785888672
63.25702667236328
42.629295349121094
119.50926208496094
75.2373046875
9.386866569519043
13.964552879333496
93.80049133300781
124.63306427001953
34.581268310546875
200.93453979492188
62.00629425048828
41.5252799987793
117.36944580078125
81.5499267578125
8.263627052307129
12.762674331665039
91.4612045288086
127.89411163330078
30.16865348815918
178.43643188476562
61.22645950317383
40.71641159057617
115.517822265625
99.59749603271484
7.962251663208008
13.260958671569824
90.02974700927734
120.39688873291016
31.49753189086914
178.97991943359375
59.784812927246094
39.0767822265625
113.4047622680664
103.77490997314453
7.872904300689697
12.559205055236816
90.58438873291016
120.02928924560547
30.565616607666016
172.2442626953125
58.292545318603516
37.85841751098633
111.85198211669922
84.46047973632812
10.927902221679688
12.055557250976562
85.49186706542969
124.73262023925781
31.139793395996094
146.63043212890625
57.20832824707031
37.276309967041016
109.65555572509766
94.406982421875
11.235095977783203
11.645198822021484
85.74828338623047
116.2437744140625
27.64059066772461
152.4375
55.4727668762207
36.23452377319336
107.95513916015625
69.26499938964844
5.512991428375244
9.646154403686523
83.75454711914062
115.15147399902344
26.51556396484375
137.47479248046875
54.877384185791016
34.007179260253906
105.84380340576172
59.957828521728516
11.062518119812012
10.40386962890625
81.75709533691406
111.57470703125
26.05728530883789
127.64075469970703
54.056236267089844
34.28768539428711
104.16871643066406
101.49492645263672
9.044447898864746
10.804415702819824
81.15409088134766
108.79662322998047
21.360692977905273
161.44090270996094
53.14612579345703
33.0369758605957
102.03714752197266
89.55741882324219
6.915140628814697
8.282958984375
77.63440704345703
112.17173767089844
30.26229476928711
125.47970581054688
51.709815979003906
31.507919311523438
100.16830444335938
57.072696685791016
7.531710624694824
8.136741638183594
74.38994598388672
108.17491149902344
20.467552185058594
143.51792907714844
51.669795989990234
31.497465133666992
98.22825622558594
59.49287796020508
7.183994770050049
9.197917938232422
70.47173309326172
106.6880111694336
21.282508850097656
107.89051818847656
49.9847412109375
28.2217960357666
96.91964721679688
69.44012451171875
9.728659629821777
7.83322811126709
70.79580688476562
103.25389099121094
26.476558685302734
162.7593536376953
49.104248046875
27.855873107910156
94.80345916748047
79.0784912109375
3.893112897872925
7.515493869781494
68.39617156982422
101.64293670654297
21.305648803710938
122.57150268554688
47.7083625793457
28.133344650268555
93.18121337890625
82.42555236816406
8.726222038269043
8.470415115356445
66.2894058227539
101.71630859375
23.0488338470459
126.87647247314453
46.48870849609375
26.631757736206055
90.9024429321289
36.067874908447266
5.6993889808654785
6.875857830047607
65.44046020507812
99.13528442382812
21.587081909179688
143.01930236816406
45.5716667175293
24.039751052856445
88.94512176513672
52.137855529785156
4.81950044631958
5.109340667724609
64.82073211669922
104.17182922363281
16.948863983154297
98.14478302001953
44.58830261230469
24.49724578857422
87.26799011230469
53.886695861816406
2.7141220569610596
5.005799770355225
60.398067474365234
97.63589477539062
20.68911361694336
124.68694305419922
43.334991455078125
23.103654861450195
85.35625457763672
76.50468444824219
4.0849289894104
4.9378790855407715
60.35574722290039
91.42019653320312
17.41961669921875
106.50442504882812
42.65275573730469
21.969995498657227
83.8543472290039
61.07857894897461
0.6871155500411987
3.6697838306427
56.96872329711914
97.37662506103516
14.576022148132324
108.83344268798828
41.67882537841797
21.892152786254883
82.24676513671875
61.798431396484375
9.548370361328125
4.398695468902588
57.23491668701172
86.15836334228516
17.079221725463867
96.25590515136719
40.271907806396484
20.76331901550293
80.13317108154297
58.94450759887695
3.282008171081543
4.592983722686768
55.63987350463867
84.55040740966797
18.78953742980957
127.00872039794922
39.46480178833008
20.93164825439453
78.84999084472656
57.55675506591797
5.174604415893555
3.2065927982330322
55.69371795654297
77.04076385498047
21.061960220336914
80.12474822998047
38.66180419921875
19.000598907470703
77.24075317382812
47.13395690917969
4.971607685089111
2.8170835971832275
51.448753356933594
81.83782196044922
16.406211853027344
134.38729858398438
37.603759765625
18.81072998046875
75.26105499267578
64.19347381591797
0.8686152100563049
2.42338490486145
49.35126495361328
77.54483795166016
11.010683059692383
87.9332504272461
36.96419143676758
19.659555435180664
73.44113159179688
44.667083740234375
4.618320465087891
3.2002153396606445
49.470279693603516
87.20063018798828
15.212882041931152
107.61554718017578
35.969688415527344
16.67460060119629
71.5086898803711
37.548038482666016
3.0424246788024902
2.7263665199279785
46.45663833618164
88.91339111328125
12.058364868164062
104.90339660644531
34.853004455566406
15.71136474609375
70.00044250488281
37.501251220703125
1.928776741027832
3.0499584674835205
42.70552444458008
84.74810028076172
16.75362777709961
82.44955444335938
33.471534729003906
16.196104049682617
68.33612060546875
68.02793884277344
4.0167365074157715
3.02427077293396
45.58539581298828
79.42498779296875
11.888733863830566
107.96643829345703
32.63813018798828
14.78140640258789
66.95747375488281
41.443424224853516
1.9801491498947144
1.2359601259231567
40.64967346191406
79.02656555175781
13.497053146362305
52.75563430786133
32.00831604003906
14.852015495300293
65.35679626464844
46.36466598510742
