10913.2109375
13026.3828125
50866416.0
10245676.0
902790.4375
200268848.0
60896.30859375
3870567.5
312616.1875
38035.2890625
6179.7353515625
12767.125
12757503.0
23138664.0
368859.71875
121445280.0
44494.125
2091288.875
253675.796875
17000.19140625
6726.64892578125
13552.482421875
5282027.0
8141881.0
259508.375
303262496.0
34371.23046875
1865537.125
219726.75
15947.6044921875
5745.6240234375
14495.5302734375
3981196.0
2468651.75
309561.125
36138464.0
26610.6015625
1045714.625
184084.328125
20671.443359375
5522.349609375
15732.6396484375
2657209.25
1575094.75
147571.328125
87095424.0
23043.22265625
910019.125
155914.171875
22996.841796875
5558.67578125
16444.705078125
1967264.75
2862897.0
184483.375
11151652.0
19751.021484375
773173.0
135787.25
36194.30078125
6113.6630859375
17459.837890625
1546578.75
4051125.75
188421.84375
19572392.0
17748.783203125
706137.125
118799.6015625
13898.7705078125
4836.669921875
18978.134765625
1118541.375
2964052.0
73666.2890625
11982861.0
15723.357421875
489814.40625
106586.2578125
13265.4541015625
6055.19384765625
19834.884765625
935888.0625
2740264.5
27079.458984375
7547256.5
13755.1220703125
363006.6875
91902.5859375
10702.12109375
5999.84912109375
20363.2734375
755319.25
1328997.375
58209.24609375
2598002.0
13214.3515625
343943.875
80987.6171875
10369.029296875
5425.5107421875
19676.056640625
602499.9375
820808.625
58684.66015625
7836245.0
12117.9091796875
268494.90625
71120.15625
9567.951171875
4338.0302734375
20787.1875
471630.875
791348.1875
103072.9453125
7710741.0
10960.22265625
226047.921875
64287.51171875
10076.8154296875
4598.0498046875
20604.787109375
389755.71875
757698.4375
18498.583984375
1785240.25
9672.755859375
185815.3125
56637.62109375
13654.2587890625
4979.4716796875
20736.361328125
327710.09375
700179.9375
46499.28515625
3125136.25
9168.771484375
161063.21875
49860.875
8395.1474609375
4442.97900390625
20232.138671875
251295.859375
785056.5625
23070.755859375
1226865.375
8412.4287109375
126068.65625
44630.99609375
8034.4501953125
4342.84033203125
19972.3671875
208649.546875
477140.34375
20148.205078125
234244.65625
7754.033203125
109219.8828125
39551.5078125
8222.99609375
4283.75634765625
20466.30078125
157161.515625
625216.125
11253.046875
508509.625
7168.54541015625
99753.171875
35232.765625
7448.5390625
4187.8193359375
20128.998046875
138129.765625
242872.984375
17980.29296875
625103.5
6806.11083984375
69132.890625
30494.298828125
7297.16259765625
5205.68798828125
18573.486328125
113647.6640625
295787.15625
19331.712890625
1634012.875
6399.8203125
61351.15625
27364.142578125
8794.123046875
5105.0625
18244.255859375
96097.3203125
369208.65625
9915.431640625
1067463.25
6106.0322265625
55745.4765625
24517.404296875
8023.58544921875
4421.98388671875
18320.427734375
69239.96875
155722.90625
17117.427734375
2923915.0
5779.3095703125
47209.83984375
21548.603515625
7136.33740234375
4539.94580078125
18493.83203125
55472.3203125
205377.734375
8159.82421875
578007.4375
5544.49658203125
41737.4921875
19348.0625
7017.23974609375
4402.26708984375
17148.833984375
48444.5234375
107998.328125
10174.4892578125
601418.875
5237.7822265625
32547.935546875
17044.56640625
7650.8466796875
4221.39111328125
16724.337890625
50988.3828125
104561.453125
8664.37890625
364130.6875
4961.24755859375
26998.833984375
15624.94140625
6207.65185546875
3405.79541015625
16103.8466796875
31724.310546875
156656.296875
9516.2255859375
52178.01171875
4747.6689453125
24642.53125
13721.8310546875
6058.81201171875
3158.16650390625
15042.7021484375
32422.8671875
75197.234375
5229.623046875
80777.4921875
4524.10595703125
20977.673828125
12504.009765625
6782.1796875
4081.810302734375
15128.42578125
27010.833984375
68344.6796875
4301.07763671875
26798.451171875
4372.7568359375
14924.9609375
11120.525390625
7447.90234375
2843.49169921875
13452.353515625
22583.5703125
49979.28515625
3960.107177734375
14365.3525390625
4217.56298828125
15508.404296875
10174.3046875
6692.6376953125
2957.274658203125
12299.23828125
21361.365234375
39181.515625
1864.2666015625
160692.265625
4064.881103515625
12790.7197265625
9080.9453125
5226.00927734375
3085.48681640625
12363.0244140625
15838.2822265625
52729.8046875
8077.009765625
12511.0439453125
3905.703857421875
10134.8564453125
8273.943359375
6551.48291015625
2762.441650390625
11066.125
12277.6845703125
37156.96875
1596.1812744140625
41047.9609375
3779.88330078125
10069.0859375
7534.48291015625
5965.14990234375
2643.25439453125
9783.3115234375
9353.984375
32631.6484375
1771.89208984375
6640.462890625
3629.89111328125
6251.1611328125
7093.53564453125
5026.322265625
2201.9013671875
9192.2294921875
9428.953125
24192.09765625
4153.6142578125
178291.703125
3500.60791015625
5894.69091796875
6440.4208984375
4503.48828125
2741.677490234375
8622.9228515625
8065.64306640625
21032.998046875
1737.730712890625
10275.5400390625
3374.037353515625
6070.0302734375
5994.94775390625
4334.3388671875
2049.5927734375
7676.1513671875
7093.90283203125
21066.404296875
2278.000732421875
12860.91015625
3256.089599609375
4892.693359375
5449.18212890625
6457.12841796875
2173.95263671875
7334.15625
6623.77734375
16434.794921875
1755.709716796875
38375.28125
3136.5830078125
3475.004638671875
5042.0400390625
4881.001953125
2098.12890625
6994.8076171875
6312.55908203125
25439.3359375
905.1243896484375
5015.40576171875
3013.051025390625
3605.531982421875
4729.3974609375
4485.33203125
2151.62890625
6240.61474609375
5208.076171875
14473.3203125
1489.0081787109375
10850.0869140625
2891.1396484375
3027.037109375
4415.841796875
3693.719970703125
1832.660400390625
5491.4736328125
5058.6630859375
8673.0615234375
911.8817138671875
5163.08154296875
2765.986572265625
2634.04052734375
4188.85009765625
3713.812255859375
2010.3160400390625
4952.28564453125
4464.716796875
14140.8720703125
650.9945678710938
5299.8759765625
2636.6298828125
2556.088623046875
3966.232666015625
3463.753662109375
1314.3255615234375
4172.462890625
4350.78369140625
5830.2333984375
833.5828857421875
4125.8603515625
2513.7001953125
2236.93408203125
3713.31201171875
3298.617431640625
1418.3314208984375
3636.04443359375
4047.244140625
5190.70654296875
1046.639892578125
12175.0341796875
2392.177734375
2219.52978515625
3546.292724609375
3100.345703125
1227.885498046875
3231.334228515625
3917.56396484375
3317.12548828125
1503.1236572265625
3494.738525390625
2271.42529296875
1814.7266845703125
3363.102783203125
2977.017578125
1127.8028564453125
2792.54931640625
3449.470458984375
4287.12255859375
712.279296875
20187.00390625
2150.76513671875
1733.125244140625
3166.765380859375
2716.091796875
1115.8668212890625
2394.91259765625
3193.57470703125
3305.6328125
404.369384765625
3171.916748046875
2033.21875
1819.95556640625
2991.90673828125
2530.918212890625
942.9990234375
2046.8812255859375
3060.46533203125
6182.26806640625
578.5913696289062
4365.21923828125
1917.034423828125
1374.7989501953125
2819.210205078125
2300.233642578125
865.9039306640625
1746.691162109375
2784.763916015625
7039.59814453125
395.62127685546875
3888.772216796875
1798.513916015625
1238.08642578125
2672.01220703125
2087.211669921875
781.3731689453125
1489.08984375
2516.265869140625
5111.66162109375
690.3139038085938
2552.720703125
1678.31103515625
1229.0029296875
2521.51025390625
2224.421142578125
704.6491088867188
1258.398193359375
2479.398193359375
3530.41943359375
356.35821533203125
4119.6240234375
1565.65576171875
1068.4180908203125
2386.1318359375
1745.670166015625
620.2734985351562
1010.0082397460938
2174.186279296875
3416.38232421875
412.039794921875
1795.6097412109375
1460.9736328125
1027.2197265625
2244.46630859375
1654.8162841796875
nan
nan
nan
nan
nan
nan
nan
nan
nan
nan
nan
nan
nan
nan
nan
nan
nan
nan
nan
nan
nan
nan
nan
nan
nan
nan
nan
nan
nan
nan
nan
nan
nan
nan
nan
nan
nan
nan
nan
nan
nan
nan
nan
nan
nan
nan
nan
nan
nan
nan
nan
nan
nan
nan
nan
nan
nan
nan
nan
nan
nan
nan
nan
nan
nan
nan
nan
nan
nan
nan
nan
nan
nan
nan
nan
nan
nan
nan
nan
nan
nan
nan
nan
nan
nan
nan
nan
nan
nan
nan
nan
nan
nan
nan
nan
nan
nan
nan
nan
nan
1084.33740234375
601.4415893554688
1476.71484375
1103.615234375
nan
nan
nan
nan
nan
nan
nan
nan
nan
nan
nan
nan
nan
nan
nan
nan
nan
nan
nan
nan
nan
nan
nan
nan
nan
nan
nan
nan
nan
nan
nan
nan
nan
nan
nan
nan
nan
nan
nan
nan
nan
nan
nan
nan
nan
nan
nan
nan
nan
nan
nan
nan
nan
nan
nan
nan
nan
nan
nan
nan
nan
nan
nan
nan
nan
nan
nan
nan
nan
nan
nan
nan
nan
nan
nan
nan
nan
nan
nan
nan
nan
nan
nan
nan
nan
nan
nan
nan
nan
nan
nan
nan
nan
nan
nan
nan
62523756.0
4734924800.0
nan
nan
nan
nan
nan
nan
nan
nan
nan
nan
nan
nan
nan
nan
nan
nan
nan
nan
nan
nan
nan
nan
nan
nan
nan
nan
nan
nan
nan
nan
nan
nan
nan
nan
nan
nan
nan
nan
nan
nan
nan
nan
nan
nan
nan
nan
nan
nan
nan
nan
nan
nan
nan
nan
nan
nan
nan
nan
nan
nan
nan
nan
nan
nan
nan
nan
nan
nan
nan
nan
nan
nan
nan
nan
nan
nan
nan
nan
nan
nan
nan
nan
nan
nan
nan
nan
nan
nan
nan
nan
nan
nan
nan
nan
nan
nan
nan
nan
10913.2109375
13026.3828125
50866416.0
10245676.0
902790.4375
200268848.0
60896.30859375
3870567.5
312616.1875
38035.2890625
6179.7353515625
12767.125
12757503.0
23138664.0
368859.71875
121445280.0
44494.125
2091288.875
253675.796875
17000.19140625
6726.64892578125
13552.482421875
5282027.0
8141881.0
259508.375
303262496.0
34371.23046875
1865537.125
219726.75
15947.6044921875
5745.6240234375
14495.5302734375
3981196.0
2468651.75
309561.125
36138464.0
26610.6015625
1045714.625
184084.328125
20671.443359375
5522.349609375
15732.6396484375
2657209.25
1575094.75
147571.328125
87095424.0
23043.22265625
910019.125
155914.171875
22996.841796875
5558.67578125
16444.705078125
1967264.75
2862897.0
184483.375
11151652.0
19751.021484375
773173.0
135787.25
36194.30078125
6113.6630859375
17459.837890625
1546578.75
4051125.75
188421.84375
19572392.0
17748.783203125
706137.125
118799.6015625
13898.7705078125
4836.669921875
18978.134765625
1118541.375
2964052.0
73666.2890625
11982861.0
15723.357421875
489814.40625
106586.2578125
13265.4541015625
6055.19384765625
19834.884765625
935888.0625
2740264.5
27079.458984375
7547256.5
13755.1220703125
363006.6875
91902.5859375
10702.12109375
5999.84912109375
20363.2734375
755319.25
1328997.375
58209.24609375
2598002.0
13214.3515625
343943.875
80987.6171875
10369.029296875
