10877863.0
12980654.0
50866245632.0
10245502976.0
902729664.0
200268578816.0
60801956.0
3870493696.0
312444384.0
37905332.0
6158423.0
12732900.0
12757351424.0
23138476032.0
368805536.0
121445015552.0
44403640.0
2091220096.0
253511392.0
16902692.0
6698087.0
13522510.0
5281886720.0
8141709824.0
259456720.0
303262236672.0
34283652.0
1865469440.0
219566512.0
15847063.0
5725892.5
14467105.0
3981059072.0
2468496128.0
309508160.0
36138225664.0
26526020.0
1045651520.0
183928512.0
20552702.0
5499180.5
15706742.0
2657076992.0
1574944512.0
147523536.0
87095173120.0
22960400.0
909956992.0
155761920.0
22874146.0
5541032.0
16418474.0
1967136000.0
2862739200.0
184434000.0
11151433728.0
19669918.0
773112128.0
135637968.0
36062856.0
6100781.0
17434644.0
1546452864.0
4050963200.0
188372304.0
19572164608.0
17668824.0
706076992.0
118653112.0
13788050.0
4813538.5
18955684.0
1118419072.0
2963893504.0
73623136.0
11982641152.0
15644777.0
489757056.0
106442120.0
13154658.0
6042862.5
19812958.0
935767808.0
2740107008.0
27042706.0
7547043840.0
13678245.0
362951616.0
91761264.0
10607583.0
5988161.0
20343008.0
755199808.0
1328847104.0
58167180.0
2597802752.0
13139068.0
343888512.0
80847208.0
10265622.0
5412257.0
19654918.0
602382976.0
820664192.0
58642496.0
7836029440.0
12043743.0
268441344.0
70982112.0
9470114.0
4319279.5
20767714.0
471516640.0
791204224.0
103027000.0
7710525952.0
10887343.0
225995600.0
64151392.0
9970148.0
4582390.5
20585572.0
389643552.0
757554944.0
18463678.0
1785046400.0
9601684.0
185764400.0
56503712.0
13538097.0
4966585.0
20717784.0
327599808.0
700037376.0
46458576.0
3124934400.0
9098356.0
161013312.0
49729192.0
8302480.5
4428560.0
20214018.0
251188416.0
784912512.0
23034446.0
1226676736.0
8343298.5
126020472.0
44501268.0
7939169.5
4328827.0
19954662.0
208544080.0
477002432.0
20112710.0
234078352.0
7686171.5
109172680.0
39423848.0
8138734.5
4270395.5
20450102.0
157059056.0
625074816.0
11221061.0
508332960.0
7102014.0
99706592.0
35107096.0
7353674.0
4175014.0
20113704.0
138028688.0
242743152.0
17945458.0
624924032.0
6740522.0
69088824.0
30371018.0
7207286.0
5197923.0
18558056.0
113548640.0
295654944.0
19296420.0
1633820160.0
6335577.0
61307892.0
27242742.0
8722601.0
5097543.5
18229328.0
96000064.0
369073760.0
9884145.0
1067276416.0
6042775.0
55702844.0
24397894.0
7948348.0
4412597.0
18306462.0
69146168.0
155598256.0
17082844.0
2923713792.0
5717303.0
47168316.0
21431234.0
7054787.5
4531682.0
18481070.0
55380856.0
205249840.0
8129655.0
577828992.0
5483270.0
41696776.0
19232544.0
6917642.0
4394304.5
17135572.0
48354488.0
107877928.0
10142992.0
601239872.0
5177997.5
32508858.0
16931162.0
7547071.5
4213518.0
16711778.0
50897796.0
104441416.0
8633812.0
363958432.0
4902955.0
26960976.0
15513089.0
6123191.0
3394867.25
16091790.0
31638816.0
156531552.0
9485085.0
52031380.0
4690460.0
24605254.0
13612175.0
5964405.0
3146931.25
15031056.0
32337118.0
75080992.0
5201982.0
80625048.0
4468633.0
20941438.0
12396054.0
6712914.0
4076297.25
15118779.0
26927078.0
68229528.0
4274562.5
26660976.0
4317879.0
14890953.0
11014681.0
7387944.0
2832429.0
13441949.0
22501812.0
49867708.0
3934049.75
14237711.0
4163506.5
15474115.0
10070135.0
6591142.5
2948230.0
12288433.0
21280210.0
39072716.0
1842906.625
160530816.0
4011735.0
12757682.0
8978908.0
5136451.5
3078571.75
12354741.0
15760647.0
52617632.0
8046747.0
12385564.0
3853994.0
10103348.0
8173775.0
6494410.0
2754909.75
11057988.0
12203294.0
37048792.0
1575713.875
40904440.0
3728213.5
10037588.0
7436254.5
5905657.0
2636070.25
9774113.0
9283512.0
32524960.0
1750609.75
6532572.0
3579906.25
6222939.0
6996616.0
4956882.0
2192172.5
9184396.0
9358157.0
24088842.0
4127138.0
178128928.0
3451503.5
5866834.5
6345617.5
4424409.5
2737784.25
8615407.0
7997246.5
20931354.0
1716425.0
10152968.0
3326329.0
6041896.5
5901766.5
4251913.5
2040866.5
7667681.0
7027613.0
20964686.0
2254951.5
12734034.0
3209600.75
4866061.5
5358279.5
6421060.0
2168253.0
7327280.0
6558336.5
16335659.0
1734122.5
38232260.0
3091011.25
3450964.75
4953094.5
4828864.0
2093309.25
6989698.0
6247738.0
25335162.0
888175.0625
4917261.0
2968462.5
3581034.5
4642129.0
4431445.0
2148914.75
6235608.5
5147678.0
14375684.0
1468318.875
10725400.0
2847804.5
3003933.5
4330485.0
3617215.25
1828575.375
5486535.5
4998307.0
8581641.0
894462.25
5056577.0
2723333.5
2612070.5
4104995.5
3652733.5
2009628.75
4948615.5
4407748.0
14043494.0
636418.5
5191042.0
2594950.75
2534196.5
3883985.75
3401955.0
1304777.125
4168064.0
4293548.5
5744075.0
816503.8125
4029604.25
2473428.0
2216170.75
3633178.5
3239672.75
1415049.375
3631451.25
3991604.0
5106156.0
1027850.0625
12048025.0
2352712.75
2198598.0
3467442.5
3042788.75
1222710.875
3228127.5
3861870.25
3240084.5
1482061.75
3414613.5
2232763.25
1795726.125
3285862.0
2929883.75
1122831.25
2789732.0
3398021.5
4205284.5
695873.1875
20052616.0
2113161.25
1714314.5
3091504.25
2651898.25
1114998.125
2392489.25
3144223.25
3228087.75
393358.75
3083983.25
1996254.375
1800295.875
2918465.5
2486251.0
938380.6875
2043680.875
3010995.0
6095067.0
563378.5625
4257603.5
1881064.625
1358124.375
2747701.5
2262685.5
862861.5
1743964.75
2738307.25
6950684.0
383563.03125
3783868.75
1763660.75
1222375.125
2602011.5
2049710.375
779444.375
1486039.875
2473560.25
5026913.5
673560.375
2470271.0
1644839.375
1212806.875
2453174.0
2156393.25
700632.375
1255373.875
2433812.75
3450994.25
344469.90625
4011657.25
1533017.5
1053636.625
2319174.25
1704226.625
618293.3125
1008772.25
2133536.5
3337355.5
398542.6875
1742854.0
1428965.125
1012367.6875
2179109.25
1608451.5
nan
nan
nan
nan
nan
nan
nan
nan
nan
nan
nan
nan
nan
nan
nan
nan
nan
nan
nan
nan
nan
nan
nan
nan
nan
nan
nan
nan
nan
nan
nan
nan
nan
nan
nan
nan
nan
nan
nan
nan
nan
nan
nan
nan
nan
nan
nan
nan
nan
nan
nan
nan
nan
nan
nan
nan
nan
nan
nan
nan
nan
nan
nan
nan
nan
nan
nan
nan
nan
nan
nan
nan
nan
nan
nan
nan
nan
nan
nan
nan
nan
nan
nan
nan
nan
nan
nan
nan
nan
nan
nan
nan
nan
nan
nan
nan
nan
nan
nan
nan
1036726.0625
439579.3125
1262908.125
977614.625
nan
nan
nan
nan
nan
nan
nan
nan
nan
nan
nan
nan
nan
nan
nan
nan
nan
nan
nan
nan
nan
nan
nan
nan
nan
nan
nan
nan
nan
nan
nan
nan
nan
nan
nan
nan
nan
nan
nan
nan
nan
nan
nan
nan
nan
nan
nan
nan
nan
nan
nan
nan
nan
nan
nan
nan
nan
nan
nan
nan
nan
nan
nan
nan
nan
nan
nan
nan
nan
nan
nan
nan
nan
nan
nan
nan
nan
nan
nan
nan
nan
nan
nan
nan
nan
nan
nan
nan
nan
nan
nan
nan
nan
nan
nan
nan
62522257408.0
4734920949760.0
nan
nan
nan
nan
nan
nan
nan
nan
nan
nan
nan
nan
nan
nan
nan
nan
nan
nan
nan
nan
nan
nan
nan
nan
nan
nan
nan
nan
nan
nan
nan
nan
nan
nan
nan
nan
nan
nan
nan
nan
nan
nan
nan
nan
nan
nan
nan
nan
nan
nan
nan
nan
nan
nan
nan
nan
nan
nan
nan
nan
nan
nan
nan
nan
nan
nan
nan
nan
nan
nan
nan
nan
nan
nan
nan
nan
nan
nan
nan
nan
nan
nan
nan
nan
nan
nan
nan
nan
nan
nan
nan
nan
nan
nan
nan
nan
nan
nan
10877863.0
12980654.0
50866245632.0
10245502976.0
902729664.0
200268578816.0
60801956.0
3870493696.0
312444384.0
37905332.0
6158423.0
12732900.0
12757351424.0
23138476032.0
368805536.0
121445015552.0
44403640.0
2091220096.0
253511392.0
16902692.0
6698087.0
13522510.0
5281886720.0
8141709824.0
259456720.0
303262236672.0
34283652.0
1865469440.0
219566512.0
15847063.0
5725892.5
14467105.0
3981059072.0
2468496128.0
309508160.0
36138225664.0
26526020.0
1045651520.0
183928512.0
20552702.0
5499180.5
15706742.0
2657076992.0
1574944512.0
147523536.0
87095173120.0
22960400.0
909956992.0
155761920.0
22874146.0
5541032.0
16418474.0
1967136000.0
2862739200.0
184434000.0
11151433728.0
19669918.0
773112128.0
135637968.0
36062856.0
6100781.0
17434644.0
1546452864.0
4050963200.0
188372304.0
19572164608.0
17668824.0
706076992.0
118653112.0
13788050.0
4813538.5
18955684.0
1118419072.0
2963893504.0
73623136.0
11982641152.0
15644777.0
489757056.0
106442120.0
13154658.0
6042862.5
19812958.0
935767808.0
2740107008.0
27042706.0
7547043840.0
13678245.0
362951616.0
91761264.0
10607583.0
5988161.0
20343008.0
755199808.0
1328847104.0
58167180.0
2597802752.0
13139068.0
343888512.0
80847208.0
10265622.0
