35.34778594970703
45.72850036621094
168.03099060058594
173.4452362060547
60.738250732421875
261.6379699707031
94.35015106201172
73.54827880859375
171.78477478027344
129.95529174804688
21.31196403503418
34.22433090209961
150.7756805419922
185.0918731689453
54.148075103759766
254.11129760742188
90.48445892333984
68.56505584716797
164.39401245117188
97.4979476928711
28.561656951904297
29.97127914428711
140.04212951660156
171.01344299316406
51.64268493652344
268.96539306640625
87.5794677734375
67.67325592041016
160.24131774902344
100.5411148071289
19.731599807739258
28.424964904785156
136.70704650878906
155.51803588867188
52.942806243896484
235.3532257080078
84.580322265625
63.03449249267578
155.8141326904297
118.74079132080078
23.16893768310547
25.89665412902832
132.15501403808594
150.13150024414062
47.78507995605469
249.31129455566406
82.82205963134766
62.04673385620117
152.25778198242188
122.69488525390625
17.643522262573242
26.230850219726562
128.66159057617188
157.74789428710938
49.357696533203125
217.98487854003906
81.10447692871094
60.78908157348633
149.2810516357422
131.44215393066406
12.881620407104492
25.1931209564209
125.90996551513672
162.273193359375
49.524715423583984
226.37342834472656
79.95921325683594
60.10183334350586
146.48086547851562
110.71993255615234
23.131378173828125
22.449914932250977
122.23619079589844
158.24472045898438
43.148433685302734
219.06893920898438
78.57968139648438
57.31125259399414
144.13259887695312
110.79592895507812
12.330978393554688
21.926532745361328
120.21710968017578
157.2303466796875
36.752471923828125
212.26956176757812
76.87590026855469
55.06453323364258
141.31948852539062
94.53734588623047
11.688222885131836
20.262861251831055
119.34544372558594
150.2569122314453
42.06410217285156
198.87925720214844
75.28286743164062
55.333980560302734
140.4071807861328
103.40713500976562
13.253312110900879
21.138713836669922
116.911865234375
144.36410522460938
42.15943145751953
214.93685913085938
74.16584014892578
53.5472297668457
138.03773498535156
97.8372573852539
18.75029182434082
19.471792221069336
114.229736328125
143.9593963623047
45.93649673461914
214.74310302734375
72.87898254394531
52.30857467651367
136.11874389648438
106.6671142578125
15.659330368041992
19.215547561645508
112.15760803222656
143.46255493164062
34.90425109863281
193.7822265625
71.07154083251953
50.90747833251953
133.90802001953125
116.16096496582031
12.886425971984863
18.57604217529297
110.28663635253906
142.52500915527344
40.70883560180664
201.7262420654297
70.41535186767578
49.90083694458008
131.67855834960938
92.66732025146484
14.418987274169922
18.11970329284668
107.43306732177734
143.97923278808594
36.307865142822266
188.6195831298828
69.13034057617188
48.1806526184082
129.72531127929688
95.2800521850586
14.01323127746582
17.70493507385254
105.45052337646484
137.88995361328125
35.49367904663086
166.29397583007812
67.86145782470703
47.19192123413086
127.65436553955078
84.2616195678711
13.360624313354492
16.196489334106445
102.4468002319336
141.22523498535156
31.985193252563477
176.64866638183594
66.53118133544922
46.5772590637207
125.66674041748047
94.86486053466797
12.804991722106934
15.292557716369629
101.0799560546875
129.8238067626953
34.834327697753906
179.45010375976562
65.58837127685547
44.06269454956055
123.27973937988281
89.87659454345703
7.764621257781982
15.42967414855957
99.01873016357422
132.18650817871094
35.29133987426758
192.68214416503906
64.24295043945312
43.26361846923828
121.39901733398438
71.5218734741211
7.5183587074279785
14.92733383178711
97.24971771240234
134.86404418945312
31.28607749938965
186.78599548339844
63.25695037841797
42.629180908203125
119.50929260253906
75.23734283447266
9.38685417175293
13.964515686035156
93.80033111572266
124.63298797607422
34.581748962402344
200.93453979492188
62.00624084472656
41.52519989013672
117.369384765625
81.54985046386719
8.263614654541016
12.762667655944824
91.46105194091797
127.89400482177734
30.169023513793945
178.4363250732422
61.226436614990234
40.716392517089844
115.51777648925781
99.59742736816406
7.962221145629883
13.260955810546875
90.02965545654297
120.39680480957031
31.49727439880371
178.97970581054688
59.78474044799805
39.07672119140625
113.40469360351562
103.7748031616211
7.872885227203369
12.559178352355957
90.58427429199219
120.02924346923828
30.56602668762207
172.24404907226562
58.29247283935547
37.85836410522461
111.85184478759766
84.46044158935547
10.92789363861084
12.05552864074707
85.49185180664062
124.73250579833984
31.139463424682617
146.6302947998047
57.20825958251953
37.2762451171875
109.65550231933594
94.40696716308594
11.235069274902344
11.645164489746094
85.74820709228516
116.24369812011719
27.640661239624023
152.43740844726562
55.47279739379883
36.23447799682617
107.95515441894531
69.26496124267578
5.51298189163208
9.64613151550293
83.7545394897461
115.1513900756836
26.515300750732422
137.47476196289062
54.87736129760742
34.00718688964844
105.84373474121094
59.95787811279297
11.0625
10.403850555419922
81.75704956054688
111.57463836669922
26.05712127685547
127.64051055908203
54.05620574951172
34.28767013549805
104.16869354248047
101.49492645263672
9.044431686401367
10.80439567565918
81.15403747558594
108.79656982421875
21.35987091064453
161.4407958984375
53.146087646484375
33.03693771362305
102.03712463378906
89.55738830566406
6.9151153564453125
8.282953262329102
77.63430786132812
112.17162322998047
30.2620792388916
125.4796142578125
51.70976638793945
31.507896423339844
100.16824340820312
57.072776794433594
7.531710624694824
8.136725425720215
74.38992309570312
108.17491149902344
20.467330932617188
143.51783752441406
51.6697883605957
31.497434616088867
98.22825622558594
59.49286651611328
7.183994770050049
9.197942733764648
70.4717025756836
106.6880111694336
21.282258987426758
107.8906021118164
49.98473358154297
28.221782684326172
96.91964721679688
69.44013214111328
9.72864055633545
7.833212852478027
70.79580688476562
103.25394439697266
26.47611427307129
162.7591552734375
49.104209899902344
27.855831146240234
94.80342102050781
79.07843017578125
3.8930983543395996
7.515475273132324
68.39608001708984
101.64295959472656
21.305648803710938
122.57141876220703
47.70832443237305
28.13328742980957
93.18111419677734
82.4254150390625
8.726214408874512
8.470379829406738
66.2894058227539
101.71630859375
23.049028396606445
126.87635040283203
46.48868179321289
26.631694793701172
90.90238189697266
36.06793975830078
5.699376106262207
6.875847339630127
65.44043731689453
99.1352310180664
21.587188720703125
143.0192413330078
45.57164764404297
24.039710998535156
88.94510650634766
52.13789367675781
4.819493293762207
5.1093220710754395
64.8207778930664
104.1717300415039
16.949268341064453
98.14453887939453
44.58826446533203
24.49723243713379
87.26799011230469
53.886653900146484
2.714123249053955
5.0058088302612305
60.39802551269531
97.63585662841797
20.689266204833984
124.68685150146484
43.334999084472656
23.103626251220703
85.35621643066406
76.50470733642578
4.084926605224609
4.937864303588867
60.35573959350586
91.42019653320312
17.41944694519043
106.50445556640625
42.65276336669922
21.969968795776367
83.85436248779297
61.0786018371582
0.687114953994751
3.6697967052459717
56.96876525878906
97.37654876708984
14.576027870178223
108.83344268798828
41.67886734008789
21.892127990722656
82.24685668945312
61.7984733581543
9.548361778259277
4.398701190948486
57.23489761352539
86.1583480834961
17.07903289794922
96.25582885742188
40.27192687988281
20.763288497924805
80.1332015991211
58.94451904296875
3.282013177871704
4.592966556549072
55.639892578125
84.55036926269531
18.789854049682617
127.00865936279297
39.46480178833008
20.931617736816406
78.8499984741211
57.556766510009766
5.174598217010498
3.206578254699707
55.693687438964844
77.04070281982422
21.061893463134766
80.12472534179688
38.66178894042969
19.000534057617188
77.24076843261719
47.13390350341797
4.97159481048584
2.8170745372772217
51.4487419128418
81.83767700195312
16.406047821044922
134.38720703125
37.60378646850586
18.810684204101562
75.26105499267578
64.19339752197266
0.8686095476150513
2.4233765602111816
49.3512077331543
77.54480743408203
11.01063346862793
87.9332504272461
36.96419143676758
19.659543991088867
73.44107055664062
44.667110443115234
4.618311882019043
3.2002055644989014
49.47029113769531
87.20066833496094
15.212798118591309
107.61551666259766
35.9697151184082
16.674570083618164
71.50865173339844
37.54804611206055
3.0424234867095947
2.7263619899749756
46.45661163330078
88.91333770751953
12.05823802947998
104.9034194946289
34.85301971435547
15.711321830749512
70.00045776367188
37.50126647949219
1.928776741027832
3.0499560832977295
42.70550537109375
84.74807739257812
16.753494262695312
82.44963073730469
33.47157287597656
16.196090698242188
68.33619689941406
68.02792358398438
4.016737937927246
3.02428936958313
45.58540725708008
79.42500305175781
11.888310432434082
107.9664077758789
32.63816833496094
14.781377792358398
66.95751953125
41.44347381591797
1.9801491498947144
1.2359601259231567
40.649696350097656
79.02655792236328
13.497097969055176
52.75559616088867
32.00836181640625
14.851994514465332
65.35684967041016
46.36471176147461
nan
nan
nan
nan
nan
nan
nan
nan
nan
nan
nan
nan
nan
nan
nan
nan
nan
nan
nan
nan
nan
nan
nan
nan
nan
nan
nan
nan
nan
nan
nan
nan
nan
nan
nan
nan
nan
nan
nan
nan
nan
nan
nan
nan
nan
nan
nan
nan
nan
nan
nan
nan
nan
nan
nan
nan
nan
nan
nan
nan
nan
nan
nan
nan
nan
nan
nan
nan
nan
nan
nan
nan
nan
nan
nan
nan
nan
nan
nan
nan
nan
nan
nan
nan
nan
nan
nan
nan
nan
nan
nan
nan
nan
nan
nan
nan
nan
nan
nan
nan
47.61126708984375
161.8622589111328
213.80667114257812
126.00051879882812
nan
nan
nan
nan
nan
nan
nan
nan
nan
nan
nan
nan
nan
nan
nan
nan
nan
nan
nan
nan
nan
nan
nan
nan
nan
nan
nan
nan
nan
nan
nan
nan
nan
nan
nan
nan
nan
nan
nan
nan
nan
nan
nan
nan
nan
nan
nan
nan
nan
nan
nan
nan
nan
nan
nan
nan
nan
nan
nan
nan
nan
nan
nan
nan
nan
nan
nan
nan
nan
nan
nan
nan
nan
nan
nan
nan
nan
nan
nan
nan
nan
nan
nan
nan
nan
nan
nan
nan
nan
nan
nan
nan
nan
nan
nan
nan
1496.801513671875
3600.196044921875
nan
nan
nan
nan
nan
nan
nan
nan
nan
nan
nan
nan
nan
nan
nan
nan
nan
nan
nan
nan
nan
nan
nan
nan
nan
nan
nan
nan
nan
nan
nan
nan
nan
nan
nan
nan
nan
nan
nan
nan
nan
nan
nan
nan
nan
nan
nan
nan
nan
nan
nan
nan
nan
nan
nan
nan
nan
nan
nan
nan
nan
nan
nan
nan
nan
nan
nan
nan
nan
nan
nan
nan
nan
nan
nan
nan
nan
nan
nan
nan
nan
nan
nan
nan
nan
nan
nan
nan
nan
nan
nan
nan
nan
nan
nan
nan
nan
nan
35.34778594970703
45.72850036621094
168.03099060058594
173.4452362060547
60.738250732421875
261.6379699707031
94.35015106201172
73.54827880859375
171.78477478027344
129.95529174804688
21.31196403503418
34.22433090209961
150.7756805419922
185.0918731689453
54.148075103759766
254.11129760742188
90.48445892333984
68.56505584716797
164.39401245117188
97.4979476928711
28.561656951904297
29.97127914428711
140.04212951660156
171.01344299316406
51.64268493652344
268.96539306640625
87.5794677734375
67.67325592041016
160.24131774902344
100.5411148071289
19.731599807739258
28.424964904785156
136.70704650878906
155.51803588867188
52.942806243896484
235.3532257080078
84.580322265625
63.03449249267578
155.8141326904297
118.74079132080078
23.16893768310547
25.89665412902832
132.15501403808594
150.13150024414062
47.78507995605469
249.31129455566406
82.82205963134766
62.04673385620117
152.25778198242188
122.69488525390625
17.643522262573242
26.230850219726562
128.66159057617188
157.74789428710938
49.357696533203125
217.98487854003906
81.10447692871094
60.78908157348633
149.2810516357422
131.44215393066406
12.881620407104492
25.1931209564209
125.90996551513672
162.273193359375
49.524715423583984
226.37342834472656
79.95921325683594
60.10183334350586
146.48086547851562
110.71993255615234
23.131378173828125
22.449914932250977
122.23619079589844
158.24472045898438
43.148433685302734
219.06893920898438
78.57968139648438
57.31125259399414
144.13259887695312
110.79592895507812
12.330978393554688
21.926532745361328
120.21710968017578
157.2303466796875
36.752471923828125
212.26956176757812
76.87590026855469
55.06453323364258
141.31948852539062
94.53734588623047
11.688222885131836
20.262861251831055
119.34544372558594
150.2569122314453
42.06410217285156
198.87925720214844
75.28286743164062
55.333980560302734
140.4071807861328
103.40713500976562
