8179182.0
3578847559680.0
105339080.0
297425666048.0
8179182.0
3578847559680.0
105339080.0
297425666048.0
252038480.0
2285859.25
118186287104.0
12336496640000.0
79149344.0
4486221791232.0
1204880640.0
58633748480.0
38699182063616.0
2563392667648.0
115337920.0
58512856055808.0
120710752.0
194583019520.0
17992355840.0
32844602671104.0
2013276388982784.0
1400751521792.0
335173184.0
806486947135488.0
637454581760.0
27998724096.0
3775208882176.0
11018847649792.0
6953037824.0
7327102533632.0
421356021743616.0
422029688832.0
196117056.0
118844714647552.0
213743812608.0
10279718912.0
1182963073024.0
5650179424256.0
4571809280.0
2808338448384.0
110847636537344.0
230554124288.0
131733544.0
35563302289408.0
106061119488.0
5135630848.0
485947146240.0
3118842249216.0
2954428672.0
1341169205248.0
51983838871552.0
111491440640.0
85635768.0
15265116979200.0
59298058240.0
3192555520.0
255087329280.0
2253647249408.0
2023621632.0
789017722880.0
24684152225792.0
63801196544.0
62418120.0
7236227170304.0
35253268480.0
1642295168.0
136515878912.0
1520994484224.0
1349270016.0
426389536768.0
13008733470720.0
37369782272.0
43650024.0
3478697017344.0
22614374400.0
953922496.0
81587765248.0
1030584008704.0
1028935744.0
300595216384.0
8446356226048.0
25488726016.0
34897576.0
2207396397056.0
15884004352.0
597026176.0
52823216128.0
785907646464.0
849213248.0
215557373952.0
5566131339264.0
19283453952.0
28322850.0
1412983029760.0
12385534976.0
421195392.0
37205221376.0
612086317056.0
720548288.0
164670062592.0
4690820988928.0
15883077632.0
23984600.0
1019225833472.0
9651630080.0
309937632.0
26683809792.0
490865229824.0
609719552.0
129681866752.0
3386092814336.0
12629429248.0
20854494.0
741925650432.0
7690313216.0
235414592.0
19524884480.0
390016106496.0
55962776.0
4697106432.0
292033024.0
nan
nan
nan
nan
nan
nan
nan
nan
nan
nan
nan
nan
nan
nan
nan
nan
nan
nan
nan
nan
nan
nan
nan
nan
nan
nan
nan
nan
nan
nan
nan
nan
nan
nan
nan
nan
nan
nan
nan
nan
nan
nan
nan
nan
nan
nan
nan
nan
nan
nan
nan
nan
nan
nan
nan
nan
nan
nan
nan
nan
nan
nan
nan
nan
nan
nan
nan
nan
nan
nan
nan
nan
nan
nan
nan
nan
nan
nan
nan
nan
nan
nan
nan
nan
nan
nan
nan
nan
nan
nan
nan
nan
nan
nan
nan
nan
nan
17992355840.0
32844602671104.0
2013276388982784.0
1400751521792.0
335173184.0
806486947135488.0
637454581760.0
27998724096.0
3775208882176.0
11018847649792.0
6953037824.0
7327102533632.0
421356021743616.0
422029688832.0
196117056.0
118844714647552.0
213743812608.0
10279718912.0
1182963073024.0
5650179424256.0
4571809280.0
2808338448384.0
110847636537344.0
230554124288.0
131733544.0
35563302289408.0
106061119488.0
5135630848.0
485947146240.0
3118842249216.0
2954428672.0
1341169205248.0
51983838871552.0
111491440640.0
85635768.0
15265116979200.0
59298058240.0
3192555520.0
255087329280.0
2253647249408.0
2023621632.0
789017722880.0
24684152225792.0
63801196544.0
62418120.0
7236227170304.0
35253268480.0
1642295168.0
136515878912.0
1520994484224.0
1349270016.0
426389536768.0
13008733470720.0
37369782272.0
43650024.0
3478697017344.0
22614374400.0
953922496.0
81587765248.0
1030584008704.0
1028935744.0
300595216384.0
8446356226048.0
25488726016.0
34897576.0
2207396397056.0
15884004352.0
597026176.0
52823216128.0
785907646464.0
849213248.0
215557373952.0
5566131339264.0
19283453952.0
28322850.0
1412983029760.0
12385534976.0
421195392.0
37205221376.0
612086317056.0
720548288.0
164670062592.0
4690820988928.0
15883077632.0
23984600.0
1019225833472.0
9651630080.0
309937632.0
26683809792.0
490865229824.0
609719552.0
129681866752.0
3386092814336.0
12629429248.0
20854494.0
741925650432.0
7690313216.0
235414592.0
19524884480.0
390016106496.0
3346259.75
6864195.0
8026116.5
4903693.5
431437.875
17016038.0
23368042.0
1900325.25
9636280.0
62533260.0
2430162.5
7323341.5
69373536.0
14415419.0
409174.28125
3908298.0
4717623.0
1873284.0
92480408.0
605087727616.0
2334281.0
5959813.5
8980877.0
4643440.5
395451.0
3823242.0
5743008.0
2168465.5
15570372608.0
46519856.0
2699565.0
4687403.5
31364092.0
4399284.0
374048.5
51814248.0
5614118.5
1622149.75
11239782.0
9880992.0
2131770.25
37739168.0
5154036.5
3449254.75
324287.0625
7724247.0
3721504.0
1563918.625
3686700.75
18388766.0
1811070.25
4423404.0
8604019.0
3119130.75
281043.59375
33993340.0
130589040.0
1370629.5
99585360.0
24999156.0
1727802.625
21566872.0
3126533.75
3493324.5
270967.96875
4463934.5
17156944.0
1283548.5
85223400.0
327790976.0
1679508.75
2536744.5
28067370.0
2787136.5
231575.125
5168755.0
8617083.0
1100365.75
4942030.0
21057112.0
1480360.25
2870282.25
14770683.0
3133350.0
225806.203125
7257024.5
89961432.0
1048608.25
20557690.0
32686446.0
1524145.125
2310672.75
17922640.0
2378247.25
221410.0625
3662509.75
6262534.5
1011964.5625
32112348.0
39607708.0
10877905.0
12980696.0
50866085888.0
10245480448.0
902830080.0
200265957376.0
60801504.0
3870475008.0
312444096.0
37905452.0
6158452.0
12732951.0
12757321728.0
23138365440.0
368820608.0
121444311040.0
44403464.0
2091215360.0
253511664.0
16902724.0
6698121.5
13522545.0
5281869824.0
8141701120.0
259472352.0
303264989184.0
34283700.0
1865479808.0
219567376.0
15847115.0
5725921.5
14467153.0
3981081600.0
2468516608.0
309536256.0
36138364928.0
26525992.0
1045654720.0
183929520.0
20552800.0
5499208.5
15706791.0
2657085696.0
1574952320.0
147535488.0
87095648256.0
22960376.0
909961088.0
155762384.0
22874216.0
5541062.0
16418517.0
1967154816.0
2862739456.0
184434768.0
11151582208.0
19669930.0
773110848.0
135638096.0
36063012.0
6100806.5
17434690.0
1546446848.0
4050946304.0
188371056.0
19572404224.0
17668908.0
706081472.0
118653208.0
13788106.0
4813563.5
18955728.0
1118417792.0
2963923712.0
73621296.0
11982776320.0
15644859.0
489764960.0
106443128.0
13154704.0
6042890.5
19812982.0
935776896.0
2740117504.0
27041836.0
7547182592.0
13678271.0
362956128.0
91761800.0
10607630.0
5988185.5
20343070.0
755208768.0
1328846336.0
58163232.0
2597833728.0
13139169.0
343891680.0
80847776.0
10265667.0
10877905.0
12980696.0
50866085888.0
10245480448.0
902830080.0
200265957376.0
60801504.0
3870475008.0
312444096.0
37905452.0
6158452.0
12732951.0
12757321728.0
23138365440.0
368820608.0
121444311040.0
44403464.0
2091215360.0
253511664.0
16902724.0
6698121.5
13522545.0
5281869824.0
8141701120.0
259472352.0
303264989184.0
34283700.0
1865479808.0
219567376.0
15847115.0
5725921.5
14467153.0
3981081600.0
2468516608.0
309536256.0
36138364928.0
26525992.0
1045654720.0
183929520.0
20552800.0
5499208.5
15706791.0
2657085696.0
1574952320.0
147535488.0
87095648256.0
22960376.0
909961088.0
155762384.0
22874216.0
5541062.0
16418517.0
1967154816.0
2862739456.0
184434768.0
11151582208.0
19669930.0
773110848.0
135638096.0
36063012.0
6100806.5
17434690.0
1546446848.0
4050946304.0
188371056.0
19572404224.0
17668908.0
706081472.0
118653208.0
13788106.0
4813563.5
18955728.0
1118417792.0
2963923712.0
73621296.0
11982776320.0
15644859.0
489764960.0
106443128.0
13154704.0
6042890.5
19812982.0
935776896.0
2740117504.0
27041836.0
7547182592.0
13678271.0
362956128.0
91761800.0
10607630.0
5988185.5
20343070.0
755208768.0
1328846336.0
58163232.0
2597833728.0
13139169.0
343891680.0
80847776.0
10265667.0
5412283.5
19654968.0
602387968.0
820666688.0
58636764.0
7836037632.0
12043830.0
268442496.0
70982256.0
9470162.0
4319306.5
20767788.0
471518208.0
791211840.0
103036752.0
7710606336.0
10887395.0
225996800.0
64151052.0
9970213.0
4582418.5
20585634.0
389646592.0
757560128.0
18464242.0
1785039104.0
9601767.0
185767120.0
56503740.0
13538201.0
4966612.0
20717830.0
327602304.0
700037248.0
46456420.0
3124970752.0
9098410.0
161014320.0
49729396.0
8302525.5
4428583.0
20214084.0
251187840.0
784915456.0
23031438.0
1226693632.0
8343353.5
126021336.0
44501776.0
7939215.0
4328860.0
19954706.0
208545696.0
477008160.0
20111332.0
234080128.0
7686216.0
109174408.0
39424088.0
8138775.0
4270418.5
20450168.0
157058656.0
625076608.0
11221649.0
508342304.0
7102078.0
99707064.0
35107376.0
7353721.0
4175041.25
20113796.0
138030576.0
242746416.0
17945280.0
624931328.0
6740560.0
69089144.0
30371160.0
7207332.0
5197950.0
18558100.0
113549136.0
295656992.0
19297780.0
1633832448.0
6335619.0
61308040.0
27242748.0
8722650.0
5097578.0
18229408.0
96000312.0
369077920.0
9884738.0
1067290368.0
6042831.5
55703804.0
24397880.0
7948400.5
4412626.5
18306518.0
69147368.0
155599488.0
17081492.0
2923713536.0
5717355.5
47168944.0
21431358.0
7054833.0
4531710.0
18481150.0
55381704.0
205251744.0
8129169.0
577833920.0
5483320.0
41696972.0
19232638.0
6917696.0
4394331.0
17135656.0
48354984.0
107878904.0
10143450.0
601249536.0
5178050.5
32509200.0
16931268.0
7547140.5
4213545.0
16711840.0
50898372.0
104442024.0
8633232.0
363964480.0
4903005.0
26961214.0
15513258.0
6123240.5
3394897.75
16091861.0
31638926.0
156533200.0
9485643.0
52031916.0
4690514.0
24605522.0
13612276.0
5964454.0
3146957.25
15031127.0
32337412.0
75081568.0
5201936.5
80625800.0
4468677.0
20941638.0
12396089.0
6712962.5
4076333.0
15118851.0
26927156.0
68230120.0
4274771.0
26661090.0
4317925.5
14890964.0
11014762.0
7388007.5
2832459.0
13442015.0
22501948.0
49868068.0
3934176.0
14237949.0
4163556.5
15474194.0
10070192.0
6591194.5
2948259.5
12288503.0
21280358.0
39073000.0
1843141.75
160532208.0
4011784.25
12757788.0
8978970.0
5136502.0
3078601.5
12354825.0
15760826.0
52618336.0
8047065.0
12385675.0
3854038.25
10103418.0
8173853.5
6494472.0
2754943.75
11058055.0
12203365.0
37048860.0
1575779.125
40904820.0
3728263.0
10037668.0
7436314.0
5905711.5
2636104.0
9774190.0
9283584.0
32525018.0
1750691.25
6532612.0
3579958.25
6222980.5
6996676.5
4956935.5
2192201.5
9184456.0
9358214.0
24088768.0
4127472.5
178132352.0
3451552.25
5866900.5
6345679.5
4424460.0
2737813.25
8615466.0
7997339.5
20931320.0
1716440.875
10153060.0
3326376.75
6041977.0
5901843.0
4251963.0
2040895.875
7667731.5
7027666.0
20964736.0
2254892.75
12734183.0
3209649.5
4866134.5
5358341.0
6421128.5
2168284.25
7327347.0
6558398.0
16335777.0
1734109.75
38232508.0
3091061.0
3451010.5
4953151.0
4828916.0
2093339.625
6989762.0
6247780.0
25335408.0
888150.0
4917311.5
2968509.5
3581072.5
4642180.5
4431497.5
2148949.0
6235677.0
5147737.0
14375781.0
1468298.875
10725503.0
2847854.0
3003972.0
4330541.5
3617262.75
1828606.0
5486594.0
4998362.0
8581690.0
894497.8125
5056620.0
2723383.25
2612106.5
4105043.0
3652784.75
2009659.25
4948675.0
4407800.0
14043634.0
636433.9375
5191089.5
2595000.0
2534233.0
3884033.0
3402007.75
1304805.625
4168121.25
4293601.0
5744125.5
816539.9375
4029655.75
2473475.5
2216206.5
3633229.75
3239725.0
1415078.0
3631504.25
3991654.0
5106211.5
1027814.875
12048119.0
2352761.0
2198634.0
3467494.5
3042840.0
1222740.25
3228183.0
3861923.75
3240130.0
1482095.375
3414658.5
2232810.0
1795764.375
3285913.5
2929936.25
1122860.125
2789786.5
3398074.0
4205363.0
695904.75
20052808.0
2113208.75
1714350.0
3091552.0
2651947.5
1115027.375
2392541.75
3144277.0
3228134.75
393375.5
3084026.5
1996301.625
1800327.75
2918519.25
2486303.75
938409.625
2043732.375
3011047.5
6095096.5
563400.5625
4257652.5
1881112.625
1358156.125
2747754.0
2262738.25
862890.125
1744015.75
2738358.5
6950754.5
383582.8125
3783911.25
1763708.375
1222407.5
2602062.75
2049762.0
779473.0625
1486089.125
2473611.5
5026966.0
673590.375
2470312.75
1644887.25
1212836.625
2453223.0
2156442.25
700660.5625
1255421.875
2433864.0
3451031.0
344499.625
4011707.25
1533064.5
1053667.375
2319224.0
1704277.125
618321.625
1008820.1875
2133587.5
3337398.25
398555.8125
1742899.875
1429012.375
1012397.6875
2179157.75
1608500.25
10877905.0
12980696.0
50866085888.0
10245480448.0
902830080.0
200265957376.0
60801504.0
3870475008.0
312444096.0
37905452.0
10877905.0
12980696.0
50866085888.0
10245480448.0
902830080.0
200265957376.0
60801504.0
3870475008.0
312444096.0
37905452.0
6158452.0
12732951.0
12757321728.0
23138365440.0
368820608.0
121444311040.0
44403464.0
2091215360.0
253511664.0
16902724.0
6698121.5
13522545.0
5281869824.0
8141701120.0
259472352.0
303264989184.0
34283700.0
1865479808.0
219567376.0
15847115.0
5725921.5
14467153.0
3981081600.0
2468516608.0
309536256.0
36138364928.0
26525992.0
1045654720.0
183929520.0
20552800.0
5499208.5
15706791.0
2657085696.0
1574952320.0
147535488.0
87095648256.0
22960376.0
909961088.0
155762384.0
22874216.0
10877905.0
12980696.0
50866085888.0
10245480448.0
902830080.0
200265957376.0
60801504.0
3870475008.0
312444096.0
37905452.0
6158452.0
12732951.0
12757321728.0
23138365440.0
368820608.0
121444311040.0
44403464.0
2091215360.0
253511664.0
16902724.0
6698121.5
13522545.0
5281869824.0
8141701120.0
259472352.0
303264989184.0
34283700.0
1865479808.0
219567376.0
15847115.0
5725921.5
14467153.0
3981081600.0
2468516608.0
309536256.0
36138364928.0
26525992.0
1045654720.0
183929520.0
20552800.0
5499208.5
15706791.0
2657085696.0
1574952320.0
147535488.0
87095648256.0
22960376.0
909961088.0
155762384.0
22874216.0
10877905.0
12980696.0
50866085888.0
10245480448.0
902830080.0
200265957376.0
60801504.0
3870475008.0
312444096.0
37905452.0
10877905.0
12980696.0
50866085888.0
10245480448.0
902830080.0
200265957376.0
60801504.0
3870475008.0
312444096.0
37905452.0
10877905.0
12980696.0
50866085888.0
10245480448.0
902830080.0
200265957376.0
60801504.0
3870475008.0
312444096.0
37905452.0
10877905.0
12980696.0
50866085888.0
10245480448.0
902830080.0
200265957376.0
60801504.0
3870475008.0
312444096.0
37905452.0
10877905.0
12980696.0
50866085888.0
10245480448.0
902830080.0
200265957376.0
60801504.0
3870475008.0
312444096.0
37905452.0
6158452.0
12732951.0
12757321728.0
23138365440.0
368820608.0
121444311040.0
44403464.0
2091215360.0
253511664.0
16902724.0
6698121.5
13522545.0
5281869824.0
8141701120.0
259472352.0
303264989184.0
34283700.0
1865479808.0
219567376.0
15847115.0
5725921.5
14467153.0
3981081600.0
2468516608.0
309536256.0
36138364928.0
26525992.0
1045654720.0
183929520.0
20552800.0
5499208.5
15706791.0
2657085696.0
1574952320.0
147535488.0
87095648256.0
22960376.0
909961088.0
155762384.0
22874216.0
5541062.0
16418517.0
1967154816.0
2862739456.0
184434768.0
11151582208.0
19669930.0
773110848.0
135638096.0
36063012.0
6100806.5
17434690.0
1546446848.0
4050946304.0
188371056.0
19572404224.0
17668908.0
706081472.0
118653208.0
13788106.0
4813563.5
18955728.0
1118417792.0
2963923712.0
73621296.0
11982776320.0
15644859.0
489764960.0
106443128.0
13154704.0
6042890.5
19812982.0
935776896.0
2740117504.0
27041836.0
7547182592.0
13678271.0
362956128.0
91761800.0
10607630.0
5988185.5
20343070.0
755208768.0
1328846336.0
58163232.0
2597833728.0
13139169.0
343891680.0
80847776.0
10265667.0
5412283.5
19654968.0
602387968.0
820666688.0
58636764.0
7836037632.0
12043830.0
268442496.0
70982256.0
9470162.0
4319306.5
20767788.0
471518208.0
791211840.0
103036752.0
7710606336.0
10887395.0
225996800.0
64151052.0
9970213.0
4582418.5
20585634.0
389646592.0
757560128.0
18464242.0
1785039104.0
9601767.0
185767120.0
56503740.0
13538201.0
4966612.0
20717830.0
327602304.0
700037248.0
46456420.0
3124970752.0
9098410.0
161014320.0
49729396.0
8302525.5
4428583.0
20214084.0
251187840.0
784915456.0
23031438.0
1226693632.0
8343353.5
126021336.0
44501776.0
7939215.0
4328860.0
19954706.0
208545696.0
477008160.0
20111332.0
234080128.0
7686216.0
109174408.0
39424088.0
8138775.0
4270418.5
20450168.0
157058656.0
625076608.0
11221649.0
508342304.0
7102078.0
99707064.0
35107376.0
7353721.0
4175041.25
20113796.0
138030576.0
242746416.0
17945280.0
624931328.0
6740560.0
69089144.0
30371160.0
7207332.0
5197950.0
18558100.0
113549136.0
295656992.0
19297780.0
1633832448.0
6335619.0
61308040.0
27242748.0
8722650.0
5097578.0
18229408.0
96000312.0
369077920.0
9884738.0
1067290368.0
6042831.5
55703804.0
24397880.0
7948400.5
4412626.5
18306518.0
69147368.0
155599488.0
17081492.0
2923713536.0
5717355.5
47168944.0
21431358.0
7054833.0
4531710.0
18481150.0
55381704.0
205251744.0
8129169.0
577833920.0
5483320.0
41696972.0
19232638.0
6917696.0
4394331.0
17135656.0
48354984.0
107878904.0
10143450.0
601249536.0
5178050.5
32509200.0
16931268.0
7547140.5
4213545.0
16711840.0
50898372.0
104442024.0
8633232.0
363964480.0
4903005.0
26961214.0
15513258.0
6123240.5
3394897.75
16091861.0
31638926.0
156533200.0
9485643.0
52031916.0
4690514.0
24605522.0
13612276.0
5964454.0
3146957.25
15031127.0
32337412.0
75081568.0
5201936.5
80625800.0
4468677.0
20941638.0
12396089.0
6712962.5
4076333.0
15118851.0
26927156.0
68230120.0
4274771.0
26661090.0
4317925.5
14890964.0
11014762.0
7388007.5
2832459.0
13442015.0
22501948.0
49868068.0
3934176.0
14237949.0
4163556.5
15474194.0
10070192.0
6591194.5
2948259.5
12288503.0
21280358.0
39073000.0
1843141.75
160532208.0
4011784.25
12757788.0
8978970.0
5136502.0
3078601.5
12354825.0
15760826.0
52618336.0
8047065.0
12385675.0
3854038.25
10103418.0
8173853.5
6494472.0
2754943.75
11058055.0
12203365.0
37048860.0
1575779.125
40904820.0
3728263.0
10037668.0
7436314.0
5905711.5
2636104.0
9774190.0
9283584.0
32525018.0
1750691.25
6532612.0
3579958.25
6222980.5
6996676.5
4956935.5
2192201.5
9184456.0
9358214.0
24088768.0
4127472.5
178132352.0
3451552.25
5866900.5
6345679.5
4424460.0
2737813.25
8615466.0
7997339.5
20931320.0
1716440.875
10153060.0
3326376.75
6041977.0
5901843.0
4251963.0
2040895.875
7667731.5
7027666.0
20964736.0
2254892.75
12734183.0
3209649.5
4866134.5
5358341.0
6421128.5
2168284.25
7327347.0
6558398.0
16335777.0
1734109.75
38232508.0
3091061.0
3451010.5
4953151.0
4828916.0
2093339.625
6989762.0
6247780.0
25335408.0
888150.0
4917311.5
2968509.5
3581072.5
4642180.5
4431497.5
2148949.0
6235677.0
5147737.0
14375781.0
1468298.875
10725503.0
2847854.0
3003972.0
4330541.5
3617262.75
1828606.0
5486594.0
4998362.0
8581690.0
894497.8125
5056620.0
2723383.25
2612106.5
4105043.0
3652784.75
2009659.25
4948675.0
4407800.0
14043634.0
636433.9375
5191089.5
2595000.0
2534233.0
3884033.0
3402007.75
1304805.625
4168121.25
4293601.0
5744125.5
816539.9375
4029655.75
2473475.5
2216206.5
3633229.75
3239725.0
1415078.0
3631504.25
3991654.0
5106211.5
1027814.875
12048119.0
2352761.0
2198634.0
3467494.5
3042840.0
1222740.25
3228183.0
3861923.75
3240130.0
1482095.375
3414658.5
2232810.0
1795764.375
3285913.5
2929936.25
1122860.125
2789786.5
3398074.0
4205363.0
695904.75
20052808.0
2113208.75
1714350.0
3091552.0
2651947.5
1115027.375
2392541.75
3144277.0
3228134.75
393375.5
3084026.5
1996301.625
1800327.75
2918519.25
2486303.75
938409.625
2043732.375
3011047.5
6095096.5
563400.5625
4257652.5
1881112.625
1358156.125
2747754.0
2262738.25
862890.125
1744015.75
2738358.5
6950754.5
383582.8125
3783911.25
1763708.375
1222407.5
2602062.75
2049762.0
779473.0625
1486089.125
2473611.5
5026966.0
673590.375
2470312.75
1644887.25
1212836.625
2453223.0
2156442.25
700660.5625
1255421.875
2433864.0
3451031.0
344499.625
4011707.25
1533064.5
1053667.375
2319224.0
1704277.125
618321.625
1008820.1875
2133587.5
3337398.25
398555.8125
1742899.875
1429012.375
1012397.6875
2179157.75
1608500.25
