8211.1806640625
3578847744.0
105339.1640625
297425728.0
8211.1806640625
3578847744.0
105339.1640625
297425728.0
252041.25
2297.734375
118186312.0
12336497664.0
79153.796875
4486221824.0
1204881.5
58633752.0
38699184128.0
2563392768.0
115337.953125
58512859136.0
120715.03125
194583024.0
17992356.0
32844603392.0
2013276536832.0
1400751616.0
335174.9375
806486999040.0
637454592.0
27998728.0
3775208960.0
11018848256.0
6953038.0
7327102976.0
421356044288.0
422029696.0
196119.765625
118844719104.0
213743824.0
10279721.0
1182963072.0
5650179584.0
4571809.5
2808338688.0
110847639552.0
230554128.0
131736.984375
35563302912.0
106061128.0
5135633.0
485947168.0
3118842368.0
2954428.75
1341169280.0
51983843328.0
111491456.0
85640.0546875
15265118208.0
59298060.0
3192557.25
255087344.0
2253647360.0
2023622.0
789017792.0
24684152832.0
63801204.0
62423.078125
7236227584.0
35253272.0
1642296.375
136515888.0
1520994560.0
1349270.5
426389568.0
13008734208.0
37369788.0
43655.80078125
3478697216.0
22614378.0
953923.375
81587768.0
1030584064.0
1028936.3125
300595232.0
8446356480.0
25488734.0
34903.8984375
2207396608.0
15884007.0
597026.75
52823224.0
785907712.0
849213.9375
215557392.0
5566131712.0
19283462.0
28329.708984375
1412983040.0
12385538.0
421195.84375
37205228.0
612086336.0
720549.0
164670064.0
4690821120.0
15883085.0
23991.90234375
1019225856.0
9651633.0
309938.0
26683814.0
490865248.0
609720.375
129681872.0
3386093056.0
12629438.0
20862.18359375
741925696.0
7690315.5
235414.875
19524890.0
390016128.0
55962.78515625
4697110.5
292035.53125
nan
nan
nan
nan
nan
nan
nan
nan
nan
nan
nan
nan
nan
nan
nan
nan
nan
nan
nan
nan
nan
nan
nan
nan
nan
nan
nan
nan
nan
nan
nan
nan
nan
nan
nan
nan
nan
nan
nan
nan
nan
nan
nan
nan
nan
nan
nan
nan
nan
nan
nan
nan
nan
nan
nan
nan
nan
nan
nan
nan
nan
nan
nan
nan
nan
nan
nan
nan
nan
nan
nan
nan
nan
nan
nan
nan
nan
nan
nan
nan
nan
nan
nan
nan
nan
nan
nan
nan
nan
nan
nan
nan
nan
nan
nan
nan
nan
17992356.0
32844603392.0
2013276536832.0
1400751616.0
335174.9375
806486999040.0
637454592.0
27998728.0
3775208960.0
11018848256.0
6953038.0
7327102976.0
421356044288.0
422029696.0
196119.765625
118844719104.0
213743824.0
10279721.0
1182963072.0
5650179584.0
4571809.5
2808338688.0
110847639552.0
230554128.0
131736.984375
35563302912.0
106061128.0
5135633.0
485947168.0
3118842368.0
2954428.75
1341169280.0
51983843328.0
111491456.0
85640.0546875
15265118208.0
59298060.0
3192557.25
255087344.0
2253647360.0
2023622.0
789017792.0
24684152832.0
63801204.0
62423.078125
7236227584.0
35253272.0
1642296.375
136515888.0
1520994560.0
1349270.5
426389568.0
13008734208.0
37369788.0
43655.80078125
3478697216.0
22614378.0
953923.375
81587768.0
1030584064.0
1028936.3125
300595232.0
8446356480.0
25488734.0
34903.8984375
2207396608.0
15884007.0
597026.75
52823224.0
785907712.0
849213.9375
215557392.0
5566131712.0
19283462.0
28329.708984375
1412983040.0
12385538.0
421195.84375
37205228.0
612086336.0
720549.0
164670064.0
4690821120.0
15883085.0
23991.90234375
1019225856.0
9651633.0
309938.0
26683814.0
490865248.0
609720.375
129681872.0
3386093056.0
12629438.0
20862.18359375
741925696.0
7690315.5
235414.875
19524890.0
390016128.0
3358.96630859375
6911.84716796875
8076.6572265625
4963.90673828125
455.2059326171875
17096.080078125
23395.646484375
1917.6971435546875
9692.802734375
62585.71484375
2445.948486328125
7369.27734375
69401.390625
14458.791015625
431.5143737792969
4031.75732421875
4765.7001953125
1890.697509765625
92512.828125
605088064.0
2350.62939453125
6050.22314453125
9072.919921875
4734.294921875
417.5421142578125
3944.089599609375
5816.7509765625
2183.938232421875
15570379.0
46575.08203125
2714.13037109375
4740.72998046875
31398.126953125
4460.47705078125
396.2182922363281
51876.42578125
5688.20458984375
1640.932861328125
11293.0361328125
9958.5185546875
2148.090087890625
37765.7578125
5208.9306640625
3535.0283203125
346.61053466796875
7814.00439453125
3772.6484375
1581.9761962890625
3763.064453125
18452.763671875
1828.6029052734375
4474.626953125
8649.2080078125
3184.462646484375
303.9746398925781
34055.265625
130603.25
1389.1871337890625
99733.5625
25058.908203125
1745.88623046875
21597.587890625
3199.3681640625
3555.34912109375
294.176025390625
4603.220703125
17185.0390625
1302.94189453125
85253.7578125
327965.0625
1697.8544921875
2604.285888671875
28181.9921875
2855.371826171875
254.94557189941406
5261.55859375
8704.328125
1120.455810546875
5046.84130859375
21189.23828125
1499.4637451171875
2954.894775390625
14807.9599609375
3220.99658203125
249.5178985595703
7342.24169921875
89976.5625
1069.4039306640625
20599.412109375
32741.259765625
1542.6285400390625
2388.772705078125
18033.353515625
2448.996826171875
244.75440979003906
3763.907958984375
6300.1474609375
1033.2659912109375
32246.751953125
39750.203125
10913.2529296875
13026.4248046875
50866256.0
10245654.0
902890.875
200266224.0
60895.859375
3870548.75
312615.90625
38035.41015625
6179.76416015625
12767.17578125
12757473.0
23138552.0
368874.78125
121444576.0
44493.94921875
2091284.125
253676.0625
17000.22265625
6726.68310546875
13552.517578125
5282010.0
8141872.5
259524.0
303265248.0
34371.28125
1865547.5
219727.625
15947.6572265625
5745.6533203125
14495.578125
3981218.5
2468672.25
309589.21875
36138604.0
26610.57421875
1045717.8125
184085.34375
20671.541015625
5522.3779296875
15732.6884765625
2657218.0
1575102.5
147583.28125
87095904.0
23043.19921875
910023.1875
155914.65625
22996.912109375
5558.7060546875
16444.748046875
1967283.5
2862897.25
184484.140625
11151801.0
19751.03515625
773171.6875
135787.390625
36194.45703125
6113.6884765625
17459.884765625
1546572.75
4051108.75
188420.59375
19572632.0
17748.8671875
706141.625
118799.6953125
13898.826171875
4836.6953125
18978.177734375
1118540.125
2964082.0
73664.4453125
11982996.0
15723.439453125
489822.28125
106587.265625
13265.5009765625
6055.2216796875
19834.908203125
935897.125
2740275.0
27078.58984375
7547395.5
13755.1474609375
363011.21875
91903.125
10702.16796875
5999.8740234375
20363.333984375
755328.1875
1328996.625
58205.296875
2598032.75
13214.453125
343947.03125
80988.1875
10369.0751953125
10913.2529296875
13026.4248046875
50866256.0
10245654.0
902890.875
200266224.0
60895.859375
3870548.75
312615.90625
38035.41015625
6179.76416015625
12767.17578125
12757473.0
23138552.0
368874.78125
121444576.0
44493.94921875
2091284.125
253676.0625
17000.22265625
6726.68310546875
13552.517578125
5282010.0
8141872.5
259524.0
303265248.0
34371.28125
1865547.5
219727.625
15947.6572265625
5745.6533203125
14495.578125
3981218.5
2468672.25
309589.21875
36138604.0
26610.57421875
1045717.8125
184085.34375
20671.541015625
5522.3779296875
15732.6884765625
2657218.0
1575102.5
147583.28125
87095904.0
23043.19921875
910023.1875
155914.65625
22996.912109375
5558.7060546875
16444.748046875
1967283.5
2862897.25
184484.140625
11151801.0
19751.03515625
773171.6875
135787.390625
36194.45703125
6113.6884765625
17459.884765625
1546572.75
4051108.75
188420.59375
19572632.0
17748.8671875
706141.625
118799.6953125
13898.826171875
4836.6953125
18978.177734375
1118540.125
2964082.0
73664.4453125
11982996.0
15723.439453125
489822.28125
106587.265625
13265.5009765625
6055.2216796875
19834.908203125
935897.125
2740275.0
27078.58984375
7547395.5
13755.1474609375
363011.21875
91903.125
10702.16796875
5999.8740234375
20363.333984375
755328.1875
1328996.625
58205.296875
2598032.75
13214.453125
343947.03125
80988.1875
10369.0751953125
5425.537109375
19676.107421875
602504.9375
820811.125
58678.92578125
7836253.0
12117.9970703125
268496.0625
71120.296875
9567.9990234375
4338.05712890625
20787.26171875
471632.4375
791355.8125
103082.6953125
7710821.0
10960.2744140625
226049.125
64287.171875
10076.880859375
4598.078125
20604.849609375
389758.78125
757703.625
18499.146484375
1785233.0
9672.8388671875
185818.03125
56637.6484375
13654.3623046875
4979.49853515625
20736.40625
327712.59375
700179.75
46497.12890625
3125172.75
9168.8251953125
161064.234375
49861.078125
8395.193359375
4443.001953125
20232.203125
251295.296875
785059.5
23067.74609375
1226882.375
8412.4833984375
126069.5234375
44631.50390625
8034.49560546875
4342.87353515625
19972.412109375
208651.15625
477146.0625
20146.826171875
234246.4375
7754.07763671875
109221.609375
39551.74609375
8223.037109375
4283.77978515625
20466.3671875
157161.109375
625217.875
11253.634765625
508519.0
7168.609375
99753.6484375
35233.046875
7448.5859375
4187.8466796875
20129.08984375
138131.65625
242876.25
17980.115234375
625110.8125
6806.14892578125
69133.2109375
30494.44140625
7297.208984375
5205.71484375
18573.53125
113648.15625
295789.1875
19333.072265625
1634025.125
6399.8623046875
61351.3046875
27364.1484375
8794.171875
5105.0966796875
18244.3359375
96097.5703125
369212.8125
9916.0244140625
1067477.125
6106.08837890625
55746.4375
24517.390625
8023.63818359375
4422.013671875
18320.484375
69241.171875
155724.140625
17116.07421875
2923914.75
5779.3623046875
47210.46875
21548.728515625
7136.38330078125
4539.97412109375
18493.912109375
55473.16796875
205379.640625
8159.337890625
578012.375
5544.546875
41737.6875
19348.15625
7017.2939453125
4402.29345703125
17148.91796875
48445.015625
107999.3046875
10174.947265625
601428.5625
5237.83544921875
32548.27734375
17044.673828125
7650.91552734375
4221.41845703125
16724.3984375
50988.9609375
104562.0625
8663.7978515625
364136.75
4961.2978515625
26999.07421875
15625.1103515625
6207.701171875
3405.825927734375
16103.9169921875
31724.419921875
156657.9375
9516.783203125
52178.546875
4747.72265625
24642.798828125
13721.931640625
6058.861328125
3158.192626953125
15042.7734375
32423.162109375
75197.8125
5229.5771484375
80778.2421875
4524.14990234375
20977.873046875
12504.044921875
6782.22802734375
4081.84619140625
15128.498046875
27010.912109375
68345.2734375
4301.28662109375
26798.56640625
4372.80322265625
14924.9716796875
11120.6064453125
7447.9658203125
2843.521728515625
13452.419921875
22583.70703125
49979.64453125
3960.233642578125
14365.58984375
4217.61279296875
15508.482421875
10174.361328125
6692.68994140625
2957.303955078125
12299.30859375
21361.513671875
39181.796875
1864.5025634765625
160693.65625
4064.9306640625
12790.826171875
9081.0078125
5226.06005859375
3085.5166015625
12363.1083984375
15838.4619140625
52730.51171875
8077.32763671875
12511.1552734375
3905.748046875
10134.9267578125
8274.0224609375
6551.544921875
2762.4755859375
11066.1923828125
12277.7548828125
37157.0390625
1596.2467041015625
41048.33984375
3779.932861328125
10069.166015625
7534.54248046875
5965.20458984375
2643.2880859375
9783.388671875
9354.0556640625
32631.70703125
1771.9737548828125
6640.5029296875
3629.943359375
6251.20263671875
7093.59619140625
5026.37548828125
2201.930419921875
9192.2890625
9429.0107421875
24192.0234375
4153.94921875
178295.125
3500.65673828125
5894.7568359375
6440.48291015625
4503.5390625
2741.70654296875
8622.982421875
8065.73583984375
21032.962890625
1737.74658203125
10275.6318359375
3374.085205078125
6070.1103515625
5995.0244140625
4334.38916015625
2049.622314453125
7676.2021484375
7093.9560546875
21066.453125
2277.941650390625
12861.060546875
3256.138427734375
4892.7666015625
5449.24365234375
6457.19677734375
2173.98388671875
7334.22314453125
6623.8388671875
16434.912109375
1755.6968994140625
38375.53125
3136.6328125
3475.050537109375
5042.0966796875
4881.0537109375
2098.159423828125
6994.87158203125
6312.60107421875
25439.58203125
905.098876953125
5015.45654296875
3013.097900390625
3605.570068359375
4729.44873046875
4485.38427734375
2151.663330078125
6240.68310546875
5208.13525390625
14473.4169921875
1488.988037109375
10850.1904296875
2891.189208984375
3027.075927734375
4415.89794921875
3693.767578125
1832.6910400390625
5491.5322265625
5058.71826171875
8673.1103515625
911.91748046875
5163.12451171875
2766.0361328125
2634.07666015625
4188.8974609375
3713.863525390625
2010.346435546875
4952.34521484375
4464.76904296875
14141.01171875
651.010009765625
5299.92333984375
2636.678955078125
2556.125244140625
3966.280029296875
3463.80615234375
1314.35400390625
4172.5205078125
4350.8359375
5830.2841796875
833.6192016601562
4125.912109375
2513.74755859375
2236.969970703125
3713.363037109375
3298.669677734375
1418.360107421875
3636.097412109375
4047.294189453125
5190.76220703125
1046.6044921875
12175.1279296875
2392.22607421875
2219.565673828125
3546.3447265625
3100.396728515625
1227.9149169921875
3231.3896484375
3917.617431640625
3317.1708984375
1503.157470703125
3494.783447265625
2271.471923828125
1814.7650146484375
3363.154296875
2977.0703125
1127.831787109375
2792.603759765625
3449.52294921875
4287.201171875
712.3109741210938
20187.1953125
2150.8125
1733.160888671875
3166.813232421875
2716.140869140625
1115.8961181640625
2394.965087890625
3193.62841796875
3305.679931640625
404.3861999511719
3171.9599609375
2033.2659912109375
1819.9874267578125
2991.96044921875
2530.970947265625
943.0280151367188
2046.9326171875
3060.517822265625
6182.29736328125
578.6134643554688
4365.2685546875
1917.0823974609375
1374.830810546875
2819.262939453125
2300.286376953125
865.9325561523438
1746.7421875
2784.815185546875
7039.66845703125
395.64117431640625
3888.814697265625
1798.5615234375
1238.118896484375
2672.0634765625
2087.263427734375
781.40185546875
1489.13916015625
2516.317138671875
5111.71435546875
690.343994140625
2552.762451171875
1678.35888671875
1229.03271484375
2521.559326171875
2224.47021484375
704.6773071289062
1258.4461669921875
2479.449462890625
3530.456298828125
356.38836669921875
4119.673828125
1565.7027587890625
1068.4488525390625
2386.181640625
1745.720703125
620.3018188476562
1010.0562133789062
2174.2373046875
3416.425048828125
412.0528564453125
1795.655517578125
1461.020751953125
1027.249755859375
2244.5146484375
1654.864990234375
10913.2529296875
13026.4248046875
50866256.0
10245654.0
902890.875
200266224.0
60895.859375
3870548.75
312615.90625
38035.41015625
10913.2529296875
13026.4248046875
50866256.0
10245654.0
902890.875
200266224.0
60895.859375
3870548.75
312615.90625
38035.41015625
6179.76416015625
12767.17578125
12757473.0
23138552.0
368874.78125
121444576.0
44493.94921875
2091284.125
253676.0625
17000.22265625
6726.68310546875
13552.517578125
5282010.0
8141872.5
259524.0
303265248.0
34371.28125
1865547.5
219727.625
15947.6572265625
5745.6533203125
14495.578125
3981218.5
2468672.25
309589.21875
36138604.0
26610.57421875
1045717.8125
184085.34375
20671.541015625
5522.3779296875
15732.6884765625
2657218.0
1575102.5
147583.28125
87095904.0
23043.19921875
910023.1875
155914.65625
22996.912109375
10913.2529296875
13026.4248046875
50866256.0
10245654.0
902890.875
200266224.0
60895.859375
3870548.75
312615.90625
38035.41015625
6179.76416015625
12767.17578125
12757473.0
23138552.0
368874.78125
121444576.0
44493.94921875
2091284.125
253676.0625
17000.22265625
6726.68310546875
13552.517578125
5282010.0
8141872.5
259524.0
303265248.0
34371.28125
1865547.5
219727.625
15947.6572265625
5745.6533203125
14495.578125
3981218.5
2468672.25
309589.21875
36138604.0
26610.57421875
1045717.8125
184085.34375
20671.541015625
5522.3779296875
15732.6884765625
2657218.0
1575102.5
147583.28125
87095904.0
23043.19921875
910023.1875
155914.65625
22996.912109375
10913.2529296875
13026.4248046875
50866256.0
10245654.0
902890.875
200266224.0
60895.859375
3870548.75
312615.90625
38035.41015625
10913.2529296875
13026.4248046875
50866256.0
10245654.0
902890.875
200266224.0
60895.859375
3870548.75
312615.90625
38035.41015625
10913.2529296875
13026.4248046875
50866256.0
10245654.0
902890.875
200266224.0
60895.859375
3870548.75
312615.90625
38035.41015625
10913.2529296875
13026.4248046875
50866256.0
10245654.0
902890.875
200266224.0
60895.859375
3870548.75
312615.90625
38035.41015625
10913.2529296875
13026.4248046875
50866256.0
10245654.0
902890.875
200266224.0
60895.859375
3870548.75
312615.90625
38035.41015625
6179.76416015625
12767.17578125
12757473.0
23138552.0
368874.78125
121444576.0
44493.94921875
2091284.125
253676.0625
17000.22265625
6726.68310546875
13552.517578125
5282010.0
8141872.5
259524.0
303265248.0
34371.28125
1865547.5
219727.625
15947.6572265625
5745.6533203125
14495.578125
3981218.5
2468672.25
309589.21875
36138604.0
26610.57421875
1045717.8125
184085.34375
20671.541015625
5522.3779296875
15732.6884765625
2657218.0
1575102.5
147583.28125
87095904.0
23043.19921875
910023.1875
155914.65625
22996.912109375
5558.7060546875
16444.748046875
1967283.5
2862897.25
184484.140625
11151801.0
19751.03515625
773171.6875
135787.390625
36194.45703125
6113.6884765625
17459.884765625
1546572.75
4051108.75
188420.59375
19572632.0
17748.8671875
706141.625
118799.6953125
13898.826171875
4836.6953125
18978.177734375
1118540.125
2964082.0
73664.4453125
11982996.0
15723.439453125
489822.28125
106587.265625
13265.5009765625
6055.2216796875
19834.908203125
935897.125
2740275.0
27078.58984375
7547395.5
13755.1474609375
363011.21875
91903.125
10702.16796875
5999.8740234375
20363.333984375
755328.1875
1328996.625
58205.296875
2598032.75
13214.453125
343947.03125
80988.1875
10369.0751953125
5425.537109375
19676.107421875
602504.9375
820811.125
58678.92578125
7836253.0
12117.9970703125
268496.0625
71120.296875
9567.9990234375
4338.05712890625
20787.26171875
471632.4375
791355.8125
103082.6953125
7710821.0
10960.2744140625
226049.125
64287.171875
10076.880859375
4598.078125
20604.849609375
389758.78125
757703.625
18499.146484375
1785233.0
9672.8388671875
185818.03125
56637.6484375
13654.3623046875
4979.49853515625
20736.40625
327712.59375
700179.75
46497.12890625
3125172.75
9168.8251953125
161064.234375
49861.078125
8395.193359375
4443.001953125
20232.203125
251295.296875
785059.5
23067.74609375
1226882.375
8412.4833984375
126069.5234375
44631.50390625
8034.49560546875
4342.87353515625
19972.412109375
208651.15625
477146.0625
20146.826171875
234246.4375
7754.07763671875
109221.609375
39551.74609375
8223.037109375
4283.77978515625
20466.3671875
157161.109375
625217.875
11253.634765625
508519.0
7168.609375
99753.6484375
35233.046875
7448.5859375
4187.8466796875
20129.08984375
138131.65625
242876.25
17980.115234375
625110.8125
6806.14892578125
69133.2109375
30494.44140625
7297.208984375
5205.71484375
18573.53125
113648.15625
295789.1875
19333.072265625
1634025.125
6399.8623046875
61351.3046875
27364.1484375
8794.171875
5105.0966796875
18244.3359375
96097.5703125
369212.8125
9916.0244140625
1067477.125
6106.08837890625
55746.4375
24517.390625
8023.63818359375
4422.013671875
18320.484375
69241.171875
155724.140625
17116.07421875
2923914.75
5779.3623046875
47210.46875
21548.728515625
7136.38330078125
4539.97412109375
18493.912109375
55473.16796875
205379.640625
8159.337890625
578012.375
5544.546875
41737.6875
19348.15625
7017.2939453125
4402.29345703125
17148.91796875
48445.015625
107999.3046875
10174.947265625
601428.5625
5237.83544921875
32548.27734375
17044.673828125
7650.91552734375
4221.41845703125
16724.3984375
50988.9609375
104562.0625
8663.7978515625
364136.75
4961.2978515625
26999.07421875
15625.1103515625
6207.701171875
3405.825927734375
16103.9169921875
31724.419921875
156657.9375
9516.783203125
52178.546875
4747.72265625
24642.798828125
13721.931640625
6058.861328125
3158.192626953125
15042.7734375
32423.162109375
75197.8125
5229.5771484375
80778.2421875
4524.14990234375
20977.873046875
12504.044921875
6782.22802734375
4081.84619140625
15128.498046875
27010.912109375
68345.2734375
4301.28662109375
26798.56640625
4372.80322265625
14924.9716796875
11120.6064453125
7447.9658203125
2843.521728515625
13452.419921875
22583.70703125
49979.64453125
3960.233642578125
14365.58984375
4217.61279296875
15508.482421875
10174.361328125
6692.68994140625
2957.303955078125
12299.30859375
21361.513671875
39181.796875
1864.5025634765625
160693.65625
4064.9306640625
12790.826171875
9081.0078125
5226.06005859375
3085.5166015625
12363.1083984375
15838.4619140625
52730.51171875
8077.32763671875
12511.1552734375
3905.748046875
10134.9267578125
8274.0224609375
6551.544921875
2762.4755859375
11066.1923828125
12277.7548828125
37157.0390625
1596.2467041015625
41048.33984375
3779.932861328125
10069.166015625
7534.54248046875
5965.20458984375
2643.2880859375
9783.388671875
9354.0556640625
32631.70703125
1771.9737548828125
6640.5029296875
3629.943359375
6251.20263671875
7093.59619140625
5026.37548828125
2201.930419921875
9192.2890625
9429.0107421875
24192.0234375
4153.94921875
178295.125
3500.65673828125
5894.7568359375
6440.48291015625
4503.5390625
2741.70654296875
8622.982421875
8065.73583984375
21032.962890625
1737.74658203125
10275.6318359375
3374.085205078125
6070.1103515625
5995.0244140625
4334.38916015625
2049.622314453125
7676.2021484375
7093.9560546875
21066.453125
2277.941650390625
12861.060546875
3256.138427734375
4892.7666015625
5449.24365234375
6457.19677734375
2173.98388671875
7334.22314453125
6623.8388671875
16434.912109375
1755.6968994140625
38375.53125
3136.6328125
3475.050537109375
5042.0966796875
4881.0537109375
2098.159423828125
6994.87158203125
6312.60107421875
25439.58203125
905.098876953125
5015.45654296875
3013.097900390625
3605.570068359375
4729.44873046875
4485.38427734375
2151.663330078125
6240.68310546875
5208.13525390625
14473.4169921875
1488.988037109375
10850.1904296875
2891.189208984375
3027.075927734375
4415.89794921875
3693.767578125
1832.6910400390625
5491.5322265625
5058.71826171875
8673.1103515625
911.91748046875
5163.12451171875
2766.0361328125
2634.07666015625
4188.8974609375
3713.863525390625
2010.346435546875
4952.34521484375
4464.76904296875
14141.01171875
651.010009765625
5299.92333984375
2636.678955078125
2556.125244140625
3966.280029296875
3463.80615234375
1314.35400390625
4172.5205078125
4350.8359375
5830.2841796875
833.6192016601562
4125.912109375
2513.74755859375
2236.969970703125
3713.363037109375
3298.669677734375
1418.360107421875
3636.097412109375
4047.294189453125
5190.76220703125
1046.6044921875
12175.1279296875
2392.22607421875
2219.565673828125
3546.3447265625
3100.396728515625
1227.9149169921875
3231.3896484375
3917.617431640625
3317.1708984375
1503.157470703125
3494.783447265625
2271.471923828125
1814.7650146484375
3363.154296875
2977.0703125
1127.831787109375
2792.603759765625
3449.52294921875
4287.201171875
712.3109741210938
20187.1953125
2150.8125
1733.160888671875
3166.813232421875
2716.140869140625
1115.8961181640625
2394.965087890625
3193.62841796875
3305.679931640625
404.3861999511719
3171.9599609375
2033.2659912109375
1819.9874267578125
2991.96044921875
2530.970947265625
943.0280151367188
2046.9326171875
3060.517822265625
6182.29736328125
578.6134643554688
4365.2685546875
1917.0823974609375
1374.830810546875
2819.262939453125
2300.286376953125
865.9325561523438
1746.7421875
2784.815185546875
7039.66845703125
395.64117431640625
3888.814697265625
1798.5615234375
1238.118896484375
2672.0634765625
2087.263427734375
781.40185546875
1489.13916015625
2516.317138671875
5111.71435546875
690.343994140625
2552.762451171875
1678.35888671875
1229.03271484375
2521.559326171875
2224.47021484375
704.6773071289062
1258.4461669921875
2479.449462890625
3530.456298828125
356.38836669921875
4119.673828125
1565.7027587890625
1068.4488525390625
2386.181640625
1745.720703125
620.3018188476562
1010.0562133789062
2174.2373046875
3416.425048828125
412.0528564453125
1795.655517578125
1461.020751953125
1027.249755859375
2244.5146484375
1654.864990234375
