1.527843e+01
1.218873e+01
1.469385e+01
6.360564e+00
8.789327e+00
1.159897e+01
9.436595e+00
1.104261e+01
1.321949e+01
4.672617e+00
6.533356e+00
7.889263e+00
7.215746e+00
1.418237e+01
7.754887e+00
1.352962e+01
7.919173e+00
1.478745e+01
9.027410e+00
1.601525e+01
1.456663e+01
9.780140e+00
5.376722e+00
6.604167e+00
1.095105e+01
1.321018e+01
7.645581e+00
1.148260e+01
1.441174e+01
1.225614e+01
4.667264e+00
7.326212e+00
1.162985e+01
9.128733e+00
6.114438e+00
7.769673e+00
1.305717e+01
1.055241e+01
1.456585e+01
1.687879e+01
6.950577e+00
8.215399e+00
1.011921e+01
1.488613e+01
1.076843e+01
8.092432e+00
1.631317e+01
1.203209e+01
5.753156e+00
7.170031e+00
6.719708e+00
8.150331e+00
1.291633e+01
1.460333e+01
1.315741e+01
6.950755e+00
6.728483e+00
1.783603e+01
1.202911e+01
1.353961e+01
1.377925e+01
1.173603e+01
1.287691e+01
8.341020e+00
1.602563e+01
7.529742e+00
6.160379e+00
8.752344e+00
1.100042e+01
1.082425e+01
9.470429e+00
1.531149e+01
1.476480e+01
1.548379e+01
1.351013e+01
1.333092e+01
1.720479e+01
1.096368e+01
1.165957e+01
7.353230e+00
1.522875e+01
9.522640e+00
1.004233e+01
1.056926e+01
6.537979e+00
1.141927e+01
1.262115e+01
1.362392e+01
1.087425e+01
1.477326e+01
8.999248e+00
1.559307e+01
7.841433e+00
7.033830e+00
1.494851e+01
7.972240e+00
1.159363e+01
6.508670e+00
8.378375e+00
1.110399e+01
1.460112e+01
1.303837e+01
8.766681e+00
1.249305e+01
1.316497e+01
1.439248e+01
1.231756e+01
1.263970e+01
1.107457e+01
1.284901e+01
8.536751e+00
7.164816e+00
1.207349e+01
1.035867e+01
6.142602e+00
9.017966e+00
1.341441e+01
1.457742e+01
9.910386e+00
8.275968e+00
1.217248e+01
9.918549e+00
9.615294e+00
8.327024e+00
1.284577e+01
1.204889e+01
1.542780e+01
1.265328e+01
7.653350e+00
8.761213e+00
1.016663e+01
9.962398e+00
9.131198e+00
1.256156e+01
1.716874e+01
7.630412e+00
1.239628e+01
8.665273e+00
6.826138e+00
7.001237e+00
9.896701e+00
9.342010e+00
1.594884e+01
9.103022e+00
1.499678e+01
8.445159e+00
6.810696e+00
1.371401e+01
1.176685e+01
1.199717e+01
1.307788e+01
1.595451e+01
1.389507e+01
8.907319e+00
9.731487e+00
1.199746e+01
1.622219e+01
1.567549e+01
1.608227e+01
7.053761e+00
1.256593e+01
1.097826e+01
1.343723e+01
4.412148e+00
1.231118e+01
8.277475e+00
1.306594e+01
8.937453e+00
1.228258e+01
9.413706e+00
1.414037e+01
1.530309e+01
1.587944e+01
5.589948e+00
7.511236e+00
1.347888e+01
1.451367e+01
1.421353e+01
9.993622e+00
6.849891e+00
9.732191e+00
1.313878e+01
9.855245e+00
5.567217e+00
1.461372e+01
1.010456e+01
1.264145e+01
7.320912e+00
1.469611e+01
1.461367e+01
1.338033e+01
9.630693e+00
7.014334e+00
7.254058e+00
6.957690e+00
1.094473e+01
1.234068e+01
1.031627e+01
7.473352e+00
1.219581e+01
1.076170e+01
1.497982e+01
1.200157e+01
1.543434e+01
7.200228e+00
1.272651e+01
1.440839e+01
1.057049e+01
6.238010e+00
7.063176e+00
1.334992e+01
1.393558e+01
9.826575e+00
7.177476e+00
1.072244e+01
9.037159e+00
7.407424e+00
7.492028e+00
1.202283e+01
1.412459e+01
8.291138e+00
1.144540e+01
1.150416e+01
1.181154e+01
9.383286e+00
9.892080e+00
1.249373e+01
1.534935e+01
1.075442e+01
8.898308e+00
1.528670e+01
8.446912e+00
9.045597e+00
9.851335e+00
9.430018e+00
1.296136e+01
5.659427e+00
7.997504e+00
8.783836e+00
9.951253e+00
1.526511e+01
7.355919e+00
1.543120e+01
7.251613e+00
1.231717e+01
9.154567e+00
1.213484e+01
1.260298e+01
1.204268e+01
7.045193e+00
1.403319e+01
1.141186e+01
1.319094e+01
1.048824e+01
1.655606e+01
1.046076e+01
1.183211e+01
1.404008e+01
1.436838e+01
1.286445e+01
1.323807e+01
1.102995e+01
9.324182e+00
1.133125e+01
1.394229e+01
1.565755e+01
1.310568e+01
1.059487e+01
1.337925e+01
8.051940e+00
5.108651e+00
9.382960e+00
6.994812e+00
9.646580e+00
6.179598e+00
6.029452e+00
1.077734e+01
1.610858e+01
1.454598e+01
1.074613e+01
1.007298e+01
1.540299e+01
7.072816e+00
8.375191e+00
1.041406e+01
1.394126e+01
7.983135e+00
9.655450e+00
1.385114e+01
1.234016e+01
1.019747e+01
7.347789e+00
8.292644e+00
9.410269e+00
1.469034e+01
1.467980e+01
9.481544e+00
5.977885e+00
1.389034e+01
1.516466e+01
8.296393e+00
5.223225e+00
1.604498e+01
7.433293e+00
8.888175e+00
1.161875e+01
1.603504e+01
1.424044e+01
1.329381e+01
6.738082e+00
1.389050e+01
1.235479e+01
6.505785e+00
1.127992e+01
6.316457e+00
1.057146e+01
1.181081e+01
1.294760e+01
8.845303e+00
5.711593e+00
6.720301e+00
8.233070e+00
1.339415e+01
9.536357e+00
1.437912e+01
1.046127e+01
9.273551e+00
9.356280e+00
7.208225e+00
1.305238e+01
7.600572e+00
6.902307e+00
1.242015e+01
1.096230e+01
8.702569e+00
1.351308e+01
1.486165e+01
1.103920e+01
1.235768e+01
1.559863e+01
9.817814e+00
1.423775e+01
7.857196e+00
9.138549e+00
1.344063e+01
1.419967e+01
1.032956e+01
1.248208e+01
1.600871e+01
1.063105e+01
7.247018e+00
1.144589e+01
1.405077e+01
1.009131e+01
1.118074e+01
1.591582e+01
1.621587e+01
9.329074e+00
1.578984e+01
7.363680e+00
1.282854e+01
1.302865e+01
1.295142e+01
8.480473e+00
1.270655e+01
9.402991e+00
1.105693e+01
1.030441e+01
1.058791e+01
6.434772e+00
9.309611e+00
8.938535e+00
1.304039e+01
1.552987e+01
9.106034e+00
7.237905e+00
1.382234e+01
1.285084e+01
1.329433e+01
6.680566e+00
6.552634e+00
7.067388e+00
1.353456e+01
1.351102e+01
8.877048e+00
1.435612e+01
1.333534e+01
5.864310e+00
1.072169e+01
1.251794e+01
8.846731e+00
1.484437e+01
1.293956e+01
1.078057e+01
6.869377e+00
1.328312e+01
1.344726e+01
1.590407e+01
1.176063e+01
7.552789e+00
1.186986e+01
5.434835e+00
1.427064e+01
1.515450e+01
7.942874e+00
8.021882e+00
1.328840e+01
1.564561e+01
1.592404e+01
8.289291e+00
6.628245e+00
7.527375e+00
5.424672e+00
9.342290e+00
6.517567e+00
8.874706e+00
7.538652e+00
1.106935e+01
1.092581e+01
7.414501e+00
1.370863e+01
1.027587e+01
1.153749e+01
8.398096e+00
7.351705e+00
6.473588e+00
5.937563e+00
8.853451e+00
1.148302e+01
1.512914e+01
1.278979e+01
6.675842e+00
1.268291e+01
1.094564e+01
7.224248e+00
8.930227e+00
1.164967e+01
6.293456e+00
9.017401e+00
9.770797e+00
1.404555e+01
1.099453e+01
1.351711e+01
1.291261e+01
1.446831e+01
7.324833e+00
1.599790e+01
1.358586e+01
9.032657e+00
1.212191e+01
1.216817e+01
9.144555e+00
9.741370e+00
1.366583e+01
6.221440e+00
1.124218e+01
1.023180e+01
8.194165e+00
1.129852e+01
9.904715e+00
1.042277e+01
7.825893e+00
1.389274e+01
1.058475e+01
1.078495e+01
9.552792e+00
7.676349e+00
1.524927e+01
1.503696e+01
1.355303e+01
1.479917e+01
7.165202e+00
4.712638e+00
9.906776e+00
7.265096e+00
1.293425e+01
7.821722e+00
1.446233e+01
7.818557e+00
8.831771e+00
1.399047e+01
1.408552e+01
7.726996e+00
1.254308e+01
1.461225e+01
7.942305e+00
1.288649e+01
8.946399e+00
7.739315e+00
8.978879e+00
1.495824e+01
1.331342e+01
1.072159e+01
5.626306e+00
1.045355e+01
1.496034e+01
1.200474e+01
1.557525e+01
8.545508e+00
1.342432e+01
